0
0
0
0
0
0
0
0
0
0
0
0
0
0
0
0
0
0
0
0
0
0
0
0
0
0
0
0
0
0
0
0
0
0
0
0
0
0
0
0
0
0
0
0
0
0
0
0
0
0
0
0
0
0
0
0
0
0
0
0
0
0
0
0
0
0
0
0
0
0
0
0
0
0
0
0
0
0
0
0
0
0
0
0
0
0
0
0
0
0
0
0
0
0
0
0
0
0
0
0
0
0
0
0
0
0
0
0
0
0
0
0
0
0
0
0
0
0
0
0
0
0
0
0
0
0
0
0
0
0
0
0
0
0
0
0
0
0
0
0
0
0
0
0
0
0
0
0
0
0
0
0
0
0
0
0
0
0
0
0
0
0
0
0
0
0
0
0
0
0
0
0
0
0
0
0
0
0
0
0
0
0
0
0
0
0
0
0
0
0
0
0
0
0
0
0
0
0
0
0
0
0
0
0
0
0
0
0
0
0
0
0
0
0
0
0
0
0
0
0
0
0
0
0
0
0
0
0
0
0
0
0
0
0
0
0
0
0
0
0
0
0
0
0
0
0
0
0
0
0
0
0
0
0
0
0
0
0
0
0
0
0
0
0
0
0
0
0
0
0
0
0
0
0
0
0
0
0
0
0
0
0
0
0
0
0
0
0
0
0
0
0
0
0
0
0
0
0
0
0
0
0
0
0
0
0
0
0
0
0
0
0
0
0
0
0
0
0
0
0
0
0
0
0
0
0
0
0
0
0
0
0
0
0
0
0
0
0
0
0
0
0
0
0
0
0
0
0
0
0
0
0
0
0
0
0
0
0
0
0
0
0
0
0
0
0
0
0
0
0
0
0
0
0
0
0
0
0
0
0
0
0
0
0
0
0
0
0
0
0
0
0
0
0
0
0
0
0
0
0
0
0
0
0
0
0
0
0
0
0
0
0
0
0
0
0
0
0
0
0
0
0
0
0
0
0
0
0
0
0
0
0
0
0
0
0
0
0
0
0
0
0
0
0
0
0
0
0
0
0
0
0
0
0
0
0
0
0
0
0
0
0
0
0
0
0
0
0
0
0
0
0
0
0
0
0
0
0
0
0
0
0
0
0
0
0
0
0
0
0
0
0
0
0
0
0
0
0
0
0
0
0
0
0
0
0
0
0
0
0
0
0
0
0
0
0
0
0
0
0
0
0
0
0
0
0
0
0
0
0
0
0
0
0
0
0
0
0
0
0
0
0
0
0
0
0
0
0
0
0
0
0
0
0
0
0
0
0
0
0
0
0
0
0
0
0
0
0
0
0
0
0
0
0
0
0
0
0
0
0
0
0
0
0
0
0
0
0
0
0
0
0
0
0
0
0
0
0
0
0
0
0
0
0
0
0
0
0
0
0
0
0
0
0
0
0
0
0
0
0
0
0
0
0
0
0
0
0
0
0
0
0
0
0
0
0
0
0
0
0
0
0
0
0
0
0
0
0
0
0
0
0
0
0
0
0
0
0
0
0
0
0
0
0
0
0
0
0
0
0
0
0
0
0
0
0
0
0
0
0
0
0
0
0
0
0
0
0
0
0
0
0
0
0
0
0
0
0
0
0
0
0
0
0
0
0
0
0
0
0
0
0
0
0
0
0
0
0
0
0
0
0
0
0
0
0
0
0
0
0
0
0
0
0
0
0
0
0
0
0
0
0
0
0
0
0
0
0
0
0
0
0
0
0
0
0
0
0
0
0
0
0
0
0
0
0
0
0
0
0
0
0
0
0
0
0
0
0
0
0
0
0
0
0
0
0
0
0
0
0
0
0
0
0
0
0
0
0
0
0
0
0
0
0
0
0
0
0
0
0
0
0
0
0
0
0
0
0
0
0
0
0
0
0
0
0
0
0
0
0
0
0
0
0
0
0
0
0
0
0
0
0
0
0
0
0
0
0
0
0
0
0
0
0
0
0
0
0
0
0
0
0
0
0
0
0
0
0
0
0
0
0
0
0
0
0
0
0
0
0
0
0
0
0
0
0
0
0
0
0
0
0
0
0
0
0
0
0
0
0
0
0
0
0
0
0
0
0
0
0
0
0
0
0
0
0
0
0
0
0
0
0
0
0
0
0
0
0
0
0
0
0
0
0
0
0
0
0
0
0
0
0
0
0
0
0
0
0
0
0
0
0
0
0
0
0
0
0
0
0
0
0
0
0
0
0
0
0
0
0
0
0
0
0
0
0
0
0
0
0
0
0
0
0
0
0
0
0
0
0
0
0
0
0
0
0
0
0
0
0
0
0
0
0
0
0
0
0
0
0
0
0
0
0
0
0
0
0
0
0
0
0
0
0
0
0
0
0
0
0
0
0
0
0
0
0
0
0
0
0
0
0
0
0
0
0
0
0
0
0
0
0
0
0
0
0
0
0
0
0
0
0
0
0
0
0
0
0
0
0
0
0
0
0
0
0
0
0
0
0
0
0
0
0
0
0
0
0
0
0
0
0
0
0
0
0
0
0
0
0
0
0
0
0
0
0
0
0
0
0
0
0
0
0
0
0
0
0
0
0
0
0
0
0
0
0
0
0
0
0
0
0
0
0
0
0
0
0
0
0
0
0
0
0
0
0
0
0
0
0
0
0
0
0
0
0
0
0
0
0
0
0
0
0
0
0
0
0
0
0
0
0
0
0
0
0
0
0
0
0
0
0
0
0
0
0
0
0
0
0
0
0
0
0
0
0
0
0
0
0
0
0
0
0
0
0
0
0
0
0
0
0
0
0
0
0
0
0
0
0
0
0
0
0
0
0
0
0
0
0
0
0
0
0
0
0
0
0
0
0
0
0
0
0
0
0
0
0
0
0
0
0
0
0
0
0
0
0
0
0
0
0
0
0
0
0
0
0
0
0
0
0
0
0
0
0
0
0
0
0
0
0
0
0
0
0
0
0
0
0
0
0
0
0
0
0
0
0
0
0
0
0
0
0
0
0
0
0
0
0
0
0
0
0
0
0
0
0
0
0
0
0
0
0
0
0
0
0
0
0
0
0
0
0
0
0
0
0
0
0
0
0
0
0
0
0
0
0
0
0
0
0
0
0
0
0
0
0
0
0
0
0
0
0
0
0
0
0
0
0
0
0
0
0
0
0
0
0
0
0
0
0
0
0
0
0
0
0
0
0
0
0
0
0
0
0
0
0
0
0
0
0
0
0
0
0
0
0
0
0
0
0
0
0
0
0
0
0
0
0
0
0
0
0
0
0
0
0
0
0
0
0
0
0
0
0
0
0
0
0
0
0
0
0
0
0
0
0
0
0
0
0
0
0
0
0
0
0
0
0
0
0
0
0
0
0
0
0
0
0
0
0
0
0
0
0
0
0
0
0
0
0
0
0
0
0
0
0
0
0
0
0
0
0
0
0
0
0
0
0
0
0
0
0
0
0
0
0
0
0
0
0
0
0
0
0
0
0
0
0
0
0
0
0
0
0
0
0
0
0
0
0
0
0
0
0
0
0
0
0
0
0
0
0
0
0
0
0
0
0
0
0
0
0
0
0
0
0
0
0
0
0
0
0
0
0
0
0
0
0
0
0
0
0
0
0
0
0
0
0
0
0
0
0
0
0
0
0
0
0
0
0
0
0
0
0
0
0
0
0
0
0
0
0
0
0
0
0
0
0
0
0
0
0
0
0
0
0
0
0
0
0
0
0
0
0
0
0
0
0
0
0
0
0
0
0
0
0
0
0
0
0
0
0
0
0
0
0
0
0
0
0
0
0
0
0
0
0
0
0
0
0
0
0
0
0
0
0
0
0
0
0
0
0
0
0
0
0
0
0
0
0
0
0
0
0
0
0
0
0
0
0
0
0
0
0
0
0
0
0
0
0
0
0
0
0
0
0
0
0
0
0
0
0
0
0
0
0
0
0
0
0
0
0
0
0
0
0
0
0
0
0
0
0
0
0
0
0
0
0
0
0
0
0
0
0
0
0
0
0
0
0
0
0
0
0
0
0
0
0
0
0
0
0
0
0
0
0
0
0
0
0
0
0
0
0
0
0
0
0
0
0
0
0
0
0
0
0
0
0
0
0
0
0
0
0
0
0
0
0
0
0
0
0
0
0
0
0
0
0
0
0
0
0
0
0
0
0
0
0
0
0
0
0
0
0
0
0
0
0
0
0
0
0
0
0
0
0
0
0
0
0
0
0
0
0
0
0
0
0
0
0
0
0
0
0
0
0
0
0
0
0
0
0
0
0
0
0
0
0
0
0
0
0
0
0
0
0
0
0
0
0
0
0
0
0
0
0
0
0
0
0
0
0
0
0
0
0
0
0
0
0
0
0
0
0
0
0
0
0
0
0
0
0
0
0
0
0
0
0
0
0
0
0
0
0
0
0
0
0
0
0
0
0
0
0
0
0
0
0
0
0
0
0
0
0
0
0
0
0
0
0
0
0
0
0
0
0
0
0
0
0
0
0
0
0
0
0
0
0
0
0
0
0
0
0
0
0
0
0
0
0
0
0
0
0
0
0
0
0
0
0
0
0
0
0
0
0
0
0
0
0
0
0
0
0
0
0
0
0
0
0
0
0
0
0
0
0
0
0
0
0
0
0
0
0
0
0
0
0
0
0
0
0
0
0
0
0
0
0
0
0
0
0
0
0
0
0
0
0
0
0
0
0
0
0
0
0
0
0
0
0
0
0
0
0
0
0
0
0
0
0
0
0
0
0
0
0
0
0
0
0
0
0
0
0
0
0
0
0
0
0
0
0
0
0
0
0
0
0
0
0
0
0
0
0
0
0
0
0
0
0
0
0
0
0
0
0
0
0
0
0
0
0
0
0
0
0
0
0
0
0
0
0
0
0
0
0
0
0
0
0
0
0
0
0
0
0
0
0
0
0
0
0
0
0
0
0
0
0
0
0
0
0
0
0
0
0
0
0
0
0
0
0
0
0
0
0
0
0
0
0
0
0
0
0
0
0
0
0
0
0
0
0
0
0
0
0
0
0
0
0
0
0
0
0
0
0
0
0
0
0
0
0
0
0
0
0
0
0
0
0
0
0
0
0
0
0
0
0
0
0
0
0
0
0
0
0
0
0
0
0
0
0
0
0
0
0
0
0
0
0
0
0
0
0
0
0
0
0
0
0
0
0
0
0
-641596
-285982
-53379
111209
-101208
79517
-59695
44103
-32393
23740
-17385
12727
-9316
6819
-4991
3653
-2674
1957
-1432
1048
-767
562
-411
301
-220
161
-118
86
-63
46
-34
25
-18
13
-10
7
-5
4
-3
2
-1
1
641596
927579
339361
-57830
-10002
21691
-19822
15592
-11710
8653
-6356
4658
-3411
2497
-1828
1338
-979
717
-525
384
-281
206
-151
110
-81
59
-43
32
-23
17
-12
9
-7
5
-4
3
-641598
-285981
-53380
111210
-742804
-206465
-113074
155312
-133600
103257
-77079
56829
-41708
30559
-22375
16380
-11989
8776
-6423
4701
-3441
2519
-1843
1349
-988
723
-529
387
-283
207
-152
111
-81
60
-44
32
-23
17
-13
9
-7
5
-4
3
-2
1
-1
1
-1
0
0
0
0
0
0
0
0
0
0
0
0
0
0
0
0
0
0
0
0
0
0
641596
-355614
-232603
-164589
212417
-180724
139212
-103797
76495
-56133
41125
-30111
22042
-16134
11809
-8644
6327
-4631
3389
639116
287798
52050
-110237
100496
-78996
59313
-43823
32188
-23591
-624321
-298629
-685718
-181548
-149628
187096
-158245
121675
-90664
66801
-49015
35909
-26292
19246
-14088
10311
-7547
5524
-4043
2959
-2166
1585
-1160
849
-622
-641141
-927912
-980714
-869927
-970826
-249938
-23486
73876
-711235
-230737
-94989
141987
-765419
-189888
-766810
-121783
-193485
219228
-181772
-502699
-389252
-618948
-230541
-755331
-125166
-192387
218803
-823161
-147208
-156567
187179
-156934
120338
-89582
65981
-48407
35461
-25964
660602
272070
63562
-118662
106663
-83510
62617
-46242
33958
-24886
18223
-13341
9765
-7147
5232
-3829
2803
-2051
1501
-1099
804
-589
431
-315
231
-169
124
-641687
-285916
-53428
-530352
-387216
-615440
-876078
-396456
-536650
-953526
-334338
57989
-632764
-306527
-34475
-545286
-375993
-623734
-228389
-756536
-765983
-478912
165813
-70639
37773
-23822
16386
-11705
8488
-6191
4525
-3311
2423
639823
928876
-303185
-343117
-63890
133272
-121302
95308
-71551
52862
-38826
28455
-20838
15254
-11166
649769
280000
699354
813165
442915
502533
336932
671644
829613
1073524
154671
740331
155514
164855
-197191
165345
-126792
94388
-69520
51004
-37364
27357
-20026
14658
-10729
7853
-5748
645803
282903
697229
173123
155794
-191610
803146
803486
431796
515670
325943
38467
-104232
738778
850711
1038795
826984
1002376
868410
967999
894685
306865
-18509
598548
974628
942253
257654
663059
854189
408918
-113090
31639
-9116
2816
640594
286425
694731
174930
154478
450948
446828
571397
-374766
442381
733234
575018
385631
-213551
317449
184983
220191
-258811
216246
-165641
123260
-90773
66592
-48782
-605880
-312128
607355
383184
-37576
-680793
-880573
-378796
-553522
-298496
-700082
-167118
-161265
195910
476819
412460
-682403
-327811
-3075
68983
-68816
55401
-41932
672667
263136
70129
-123477
110189
-86091
64507
593972
320953
27752
549153
373452
625514
227107
115871
-162277
-501548
-394329
27527
51551
-699017
-880144
-1017161
-842842
-990762
-876912
-961775
-899241
-1586724
-555895
-61925
-467535
-1090332
431067
246850
135083
-185581
-481952
-409369
38727
-598296
-978946
-296361
-616723
-251451
-734732
-141697
-821484
-718034
-514120
-449982
-1017110
-1570950
-548080
-714558
-102383
-223515
-396042
-488217
-540773
-930932
-997847
-210478
-699369
-185527
498717
1108682
185792
60343
543515
372576
627529
866852
1044909
817585
369011
-65565
633421
948986
319458
599498
264147
725415
148523
-466706
149728
404683
32765
-755915
-819098
-425574
122802
603529
-341981
-238674
-161218
-431352
-1106794
-1484425
-617145
-20835
145015
-141775
-528041
-371784
-631437
-863078
-1047922
-173714
-726308
-165800
-157320
-449922
-1088885
-857122
-961973
-903019
-299688
-628636
-880388
-389466
-542820
-307124
-51953
-527574
251288
314693
102930
-808452
-780321
-1095642
-1425509
-678688
670864
-248661
-346138
-71808
-499747
-1055922
-238689
1265489
637759
685688
755012
504194
452541
374933
1846
564379
363333
632639
221970
1402803
1690150
1462365
702110
1042931
852688
334075
604140
1539729
1945703
536023
651371
168406
811356
1364457
1438876
791215
316368
634318
1512912
1325033
875963
253948
38517
-89811
82657
-65146
48958
-677781
-900998
-1000440
-213886
-695418
-830415
-426342
-515746
-1610156
-1250986
-930949
-1496678
-1281753
-922790
-857110
-353772
58171
12555
-24329
-619632
-303200
-40463
101670
-94201
-567214
941276
1201532
-168024
-533963
-540558
-280357
-720945
-791360
-460522
152403
-702434
-255379
569642
1051334
870856
955696
906576
938965
916238
932604
1562295
1215374
976414
816477
383893
561274
1572862
1279373
268276
-698585
-282543
-45387
102473
-94021
74039
585971
-314506
-262799
499139
-159404
-401463
-675658
-171006
-162261
839290
1402802
-530124
-29939
769679
-8328
-1249500
-784215
280119
337257
716020
784881
1109630
2052109
2901742
1514305
876497
1498560
7610
-941854
-455479
177576
-728785
-233915
553334
421837
-707220
-946312
-307315
-612257
-895341
-1019303
-837632
287617
340446
69707
-138590
125486
-98451
73872
-696164
-887502
-368732
720934
280239
684810
1469352
1358730
209205
-13482
613117
1600550
1241084
301251
-724079
378087
1509755
1379712
179965
11733
1235212
-665292
-1143395
-1870753
-220935
299609
-1250177
-1768597
-310900
-443374
860181
1258265
432767
1064880
63124
1014225
1001412
1943531
2742604
1516297
1086488
1106785
1181348
-9568
883971
1327138
1461843
134002
41488
572903
-294811
361600
798473
-757603
-149694
935940
489991
430472
400002
-1302144
-1274884
-968804
-812176
-1031349
-2767013
-3129672
-2252979
-2302145
-1607262
-903447
-811154
-1687110
-1114154
-1694805
-1687103
-765144
-1755921
-1515725
-2388563
-556676
-1011758
-443107
-752600
-906798
-1441148
-880915
-225625
-66030
111811
542326
-278168
-932199
233838
1055181
292882
-678290
-307916
617670
371955
-28346
595367
-303385
-275881
510072
-167779
-395231
602945
1045922
869610
958039
904469
940615
273404
647535
866648
399496
535485
312491
-593571
-397130
-592753
-255323
547541
431971
-716256
-297658
-26621
-554974
273776
-344031
-2095121
-2370734
-1108367
-1563225
-1820706
-1940307
-1126576
-348219
-534854
-2248221
-1536682
-2910116
-3525660
-2115815
-3182222
-2142358
-1769936
-1404819
-2317368
-1472237
-2781074
-2565318
-1064817
-1106365
105670
-534188
-586739
-62422
1283943
122171
-552442
-400275
43741
678022
240526
1375004
431209
-411615
37458
506614
594329
873328
403467
-111451
1955874
1490655
448818
1002015
1406367
1538382
2427412
3549593
3001751
2866038
3284160
3822354
2383598
3143233
3590984
2644806
2285224
3470326
3110114
3414495
2358917
1325264
2630480
2566426
2557172
1929161
1459957
1298090
733716
-700641
267572
974685
-916068
-1308803
-370666
807559
193436
-528423
-438775
-563931
-917560
-1648248
-1131882
-2326368
-1979620
-2738752
-2505936
-2416284
-979947
-400137
-512067
-335933
-670733
-830731
-430986
130588
-686412
-2191910
-1562900
-1611852
-1038807
139018
-752740
-663639
-121103
-386314
-1160189
-798136
-1007012
-227945
-38350
-1198776
-7628
881618
1157709
2625868
3246342
1522319
1440764
2502363
2852177
832100
1282946
1688157
2130057
1603823
2686276
3275884
1942027
2124157
2020319
2096834
1570501
2726493
2600505
2965158
2623443
969310
-733976
-387825
67697
651407
904097
1002621
-430530
411835
-508005
-1316228
-1548393
-1332272
-681534
-1911396
-2017634
-859107
-2236506
-1944886
-2330190
-3095557
-3478297
-1194443
-1082565
-2638628
-2607008
-2514688
-1963766
-2716857
-2531158
-2395298
-1637598
-1315774
-2143415
-1485213
-1058198
-1963115
-3643252
-3642397
-3775749
-2358504
-1253069
-2703228
-2507713
-1318454
-1324232
-2019036
-2430313
-1525276
-960208
-1412097
-719410
-1215633
-495368
444162
-57322
790031
1251280
1737090
975384
1182841
1298533
2072160
1098814
991256
824965
1013963
857153
335404
601905
1541712
1302561
892794
883119
333622
1240076
1831500
1352798
1425579
-14666
-263168
-202352
1539764
-287209
-653390
596619
-359027
-40117
1387130
304003
65404
334651
120204
-829850
-1403851
-753911
-1182564
-1163316
-1746733
-1624955
-817262
-432761
-1615110
-2545871
-2773342
-2185898
-3082882
-2408272
-2625430
-1250648
-1839010
-1514520
-268275
-1358954
379822
-297778
231987
-643842
-40173
-761930
-336798
1485160
256360
563844
484123
1442941
1777070
545201
856039
1063737
1270996
550447
-690739
-167143
2223256
2344504
1109014
284653
1243961
1837432
704450
503604
2208075
1583372
1587998
1700300
1414925
106223
1362072
3037605
2619430
1138800
1482607
1895736
597798
1240832
1136045
479278
2325824
648135
-812466
-714456
412240
-912931
-95732
451259
-786387
-50934
200723
-1004802
-892520
159938
18408
590922
333288
15949
-724639
-1488795
-1331154
-233053
-609653
-1554485
-4954
308825
-1122853
-153829
-269678
-800821
-1183298
-691563
-468041
-501683
-974333
-962019
-1521010
-609420
-1946047
-1997252
-1514254
-1229752
-2074780
-1751598
-623854
39617
85515
-94037
-564132
-345052
1915296
936855
724218
1297710
2806766
2574537
2333565
1691015
1916011
3101886
3084984
2230651
2333603
3504874
3065618
2169146
1757805
1881833
1839671
1857180
1206435
-357051
938507
1803673
1441420
1341970
2618063
2113982
1261690
818909
1607299
551331
703980
1395570
2070738
1722338
1937312
1790958
1895060
2461291
877418
-608891
146338
436673
642843
1480151
714699
-76497
-708250
-845114
-408969
-1171876
-601809
-99093
-1062491
-2057384
-1802726
-575889
-1281578
-457840
-863551
-612150
-612241
-1655694
-1647340
-993039
-712920
-1126382
-766519
-404036
-551041
-937517
-1630752
-1145482
-1033004
-773565
225885
1672898
604498
-1287509
-47524
298013
821375
686725
545656
1066130
39176
-245115
-231346
-1001068
-809435
75559
86639
-743989
-200334
-760603
1157262
2306196
1823416
685065
987518
270293
-357
-53968
-587204
-971480
335490
319163
81507
495406
416746
1234337
-104220
-134589
-313772
342875
359545
1142558
179667
701295
831377
424193
517716
-957781
108223
-566622
-554606
-1371439
-1193276
-857006
-1121118
-1204441
-3000881
-2217888
-2833541
-3004232
-2827452
-1577720
-1930779
-1826601
-1218901
-1561336
-1158795
-2316749
-1983894
-2094788
-2221478
-2361848
-1091914
-939975
-2161162
-2184480
-2565758
-1997289
-1389658
-1996752
-2259581
-2523212
-2025018
-2011896
-1655049
-733675
-1152442
-1197701
-434984
208371
1160889
653186
49588
1101994
2027574
541599
-12293
-96484
99586
1202348
1916514
1274811
1486989
1863987
1270470
860319
1563853
2511527
2176617
-63135
917856
482191
912146
558342
15037
1335845
1619127
1085726
-16298
909965
19134
1551224
1581527
258673
-569639
-590413
418590
158927
-415508
-545492
-1120808
-625770
-85239
-430023
-1123402
-826379
-2269172
-2098596
-1347302
-735830
-1032117
-2139988
-2187272
-2567204
-3278464
-3246556
-2674128
-2144927
-2502466
-3993734
-4112992
-3060224
-2693944
-4087223
-2697212
-1319731
-1284860
-1416814
-829420
359249
266696
129542
-183994
-482437
873992
610619
-491498
723400
764017
-615631
817512
694239
718880
710252
542576
1706097
1610610
1661476
2262462
1766092
109957
646134
1542507
2576063
2115949
1909748
1739589
1310710
844821
2212962
868273
733420
2585427
2089135
2756462
2927682
3100006
2421953
1786610
698844
1622642
1843213
622518
584910
217917
133284
-177955
-489267
-1686733
103962
225778
222038
1014322
797964
574919
834306
446646
-788665
1055467
489507
235527
306141
-65305
825807
575278
1478548
259704
381796
205105
648589
417730
-260647
-1566388
-63121
-271831
-175290
-239117
-1007280
-801620
-572655
-1477446
-731529
-1190299
-518432
462284
1212265
730450
423078
539125
945684
-299863
-349839
1225401
700450
1272242
1083797
525554
1648150
389165
397411
-16644
1690258
2090372
1933522
-23978
-535900
895642
-42024
512479
-45799
413282
-1048375
-1242803
-230493
-1451597
-1459313
-1223319
122669
-347779
-957795
-2112781
-1768011
-1241293
-267382
48434
4991
-14759
655448
275006
61643
1165872
1319259
1593125
1106627
438079
-193181
106393
573336
-1591485
-1480075
-1174304
-564089
-598156
-396339
-1054214
-2185983
-2136535
-2609027
-2604969
-2342679
-1675724
-1287975
-1522137
-1825964
-1943274
-1764130
-1279270
411660
-337237
-204884
1087011
810610
547580
1500878
1996177
1776221
1256466
1533652
537513
732690
1369449
2732855
1992915
2002072
1029793
1074816
754732
-215333
1528248
2754961
2408936
3503678
2230073
1617035
2182684
1855325
677773
-294748
982055
1105722
1203408
610038
-95539
153560
1609416
682932
571092
1502874
1347845
1496617
556424
721100
2018910
1088462
1192390
-197010
-32762
-397615
-234796
-615524
-1086640
-4489
-427273
-1313808
-1567054
-672379
-1693411
-1135704
252942
-206337
-304739
-763581
-1385142
-1427658
-798348
-1594636
-1851403
-3186289
-3013016
-2286126
-1650633
-1966194
-2417897
-906798
-653452
-1374981
-2101618
-1695396
-1316627
-206150
1944
-1243714
-612092
-715900
-1371358
-167923
-205544
-862542
790725
129233
-280406
427672
1199262
108899
119533
1140990
691071
657051
131525
1488933
338443
-341142
-14830
1186676
852104
947368
277132
-640767
-342519
3360
707058
861013
1034801
828933
359620
-58394
-655102
-260651
565435
-868162
8427
-484186
-2542312
-2182626
-1387833
-1781325
-2015198
-1059110
-1684266
-1708775
-1387045
-2057372
-915897
-1358353
-953819
-1280671
-562801
-1861266
-988776
-502806
234643
-2059906
-2052301
-794364
-1653107
-1613338
-386187
-1040397
-97130
-343321
545100
1265119
950783
1653884
297924
1129692
196399
515633
1366309
1316439
1735688
783687
2197680
1708946
3037061
1618484
1676211
2426058
1418453
607000
677300
2523020
1873052
2164895
2173191
471570
1492129
2011656
1590991
1149618
215225
-1080691
284132
-890385
-1837454
-133898
495488
-1626
-739550
454535
152723
-416488
-543259
-1122858
-1907348
-1300014
-180271
-1310637
-1791300
-1379078
-2048804
-2850912
-1566132
-192950
680404
285703
45860
-745181
-190938
-128225
167441
-142764
-531554
-368049
7107
66823
1214505
627671
706090
94908
232740
1029855
138583
945312
1697204
905622
970898
62679
-891227
-1159103
-697745
174915
-1499020
-851468
1030957
996990
-911945
-1497448
1281588
224358
-1287817
1483792
0
0
0
0
0
0
0
0
0
0
0
0
0
0
0
0
0
0
0
0
0
0
0
0
0
0
0
0
0
0
0
0
0
0
0
0
0
0
0
0
0
0
0
0
0
0
0
0
0
0
0
0
0
0
0
0
0
0
0
0
0
0
0
0
0
0
0
0
0
0
0
0
0
0
0
0
0
0
0
0
0
0
0
0
0
0
0
0
0
0
0
0
0
0
0
0
0
0
0
0
0
0
0
0
0
0
0
0
0
0
0
0
0
0
0
0
0
0
0
0
0
0
0
0
0
0
0
0
0
0
0
0
0
0
0
0
0
0
0
0
0
0
0
0
0
0
0
0
0
0
0
0
0
0
0
0
0
0
0
0
0
0
0
0
0
0
0
0
0
0
0
0
0
0
0
0
0
0
0
0
0
0
0
0
0
0
0
0
0
0
0
0
0
0
0
0
0
0
0
0
0
0
0
0
0
0
0
0
0
0
0
0
0
0
0
0
0
0
0
0
0
0
0
0
0
0
0
0
0
0
0
0
0
0
0
0
0
0
0
0
0
0
0
0
0
0
0
0
0
0
0
0
0
0
0
0
0
0
0
0
0
0
0
0
0
0
0
0
0
0
0
0
0
0
0
0
0
0
0
0
0
0
0
0
0
0
0
0
0
0
0
0
0
0
0
0
0
0
0
0
0
0
0
0
0
0
0
0
0
0
0
0
0
0
0
2835261
1233866
60346
803045
-530248
552319
1295424
277233
-1814008
-563590
-8497
-519765
-1048498
-1525331
-587689
-1325455
-1052899
95638
1218545
797823
995598
239497
29017
564253
357999
1921226
789577
871267
1179302
330008
-560595
-613854
-201229
-144263
-455944
197744
354190
73937
1137582
62070
1000673
1015263
649120
895954
831265
565191
-445789
1156712
318685
387117
187894
-618350
-167135
-999284
-995544
-27651
689516
423318
-274498
-911973
-1070450
-141212
-112900
-1141172
-1333817
-300243
-1183085
29217
-1725007
-1877911
-2320400
-2015692
-2523632
-1612030
-1957311
-2434596
-1533371
-2234392
-1349906
-3100893
-2087984
-2944193
-2277370
-2605052
-2760675
-2648338
-3090154
-2308006
-2724890
-1170691
-1899499
-2111303
-1870398
-1960141
-916612
-93983
-362765
-1189343
509668
187636
178885
423827
1110816
1481888
-22706
-266393
444106
1179904
766677
1676311
1775559
1963020
471192
713145
1402452
1420373
1443799
1236606
1620457
1095730
1726747
1658656
3353743
958419
1525178
2702145
2282702
1896573
897726
1408963
2189723
2531657
2210570
2285018
3096228
1733320
1087146
1242512
864589
1745186
1506543
-166423
44715
-191569
-277751
-793714
-2001833
-2374248
-1765176
-2474786
-2814730
-2158528
-1818919
-1822454
-1887155
-1821320
-1874582
-1834204
-3147333
-3055684
-1609412
-1391422
-609734
-1330182
-2326904
-1126221
832310
-321211
-305564
1185127
732088
-676298
243397
1635722
638398
610631
1472029
1370945
1479565
1852138
1283889
1490791
2499932
1561376
2193070
3310657
3289351
2624582
2827792
4040061
3359376
3519279
2203348
2102386
2811318
2698398
1104797
859364
956519
908059
1578904
1845187
1270919
863646
1560414
2514320
2816094
2149209
1828025
3098354
2464630
640806
441600
-283109
1659405
1353377
646583
-1094240
39662
351423
-71515
-460237
-1275761
-1128536
-1121412
-1971178
-2339238
-2448173
-3367729
-3180632
-2722541
-3392641
-3100410
-2798281
-3332530
-3787287
-4333961
-2699294
-3192831
-2836011
-1821377
-1222224
-1379031
-2804829
-1096937
-854487
-492818
-734176
367841
418915
436186
588548
251707
2023330
66573
5107
794483
1062844
994090
1290928
1656168
1690462
1411125
753621
2926171
1100506
826505
1161861
2281348
1557325
777880
485995
-355345
439998
1373326
2146187
367674
780524
713842
526572
438291
-898414
-1218761
176751
1170239
-1094647
-1168362
-1759324
-328074
-256544
-959030
-1488280
-1464573
-2485240
-4147820
-2678167
-1968316
-2850827
-3327173
-3320533
-2409865
-1934464
-2938828
-3245401
-2101959
-2430892
-2149622
-621841
-524004
-920953
-1011262
-840578
-994226
-1515476
-608516
-664876
-140241
-836990
-702719
756774
-1151910
-847609
315709
784366
258835
513593
542809
282186
77056
-775874
1116879
1066720
573970
961254
1422241
1530597
1148864
408133
470068
-264996
352260
2085074
1096000
1171504
1105689
523766
1003953
2030949
2482696
1470156
363563
-191245
-522175
-367745
1288108
1282528
-960858
-683999
1224414
768608
-79356
-74611
-550548
-1004226
1002680
-55630
-778532
-607159
-985772
-1390891
-2198820
-2055943
-2045969
-972941
-481621
-1073056
-686672
-675134
527388
66446
-344290
-598588
201513
559078
970133
954711
1529211
3169020
1811964
993358
3245897
3587068
2166528
1014036
1699219
1061189
2387280
1290924
3129532
3354207
961096
-50980
2244513
1658164
222199
1196448
614616
1364456
1008231
2507869
538594
364384
1449768
621238
-1721096
-1367848
1775361
171496
-1333856
-1025629
-1564734
-2297403
-647185
1455998
-113486
-811412
-1204032
-1310162
-131408
386999
107072
-827153
-120733
-182413
207873
-814164
-2078856
-2934208
-1476252
-908273
-1474225
-1308910
-899967
-1516220
-1268310
-290796
-564164
336124
236657
-1118767
498161
1929810
1402965
713727
1684773
1136088
1031600
776866
1695865
3037023
1269732
-7704
1035738
180989
-381747
519273
1769028
1731963
63476
879791
1136654
1192829
2539258
1401671
-1965246
184241
1304136
-1402332
-2458947
124370
360448
-559210
-1082951
-841128
-2262456
-2102390
-703236
-2376360
-3760236
-1345393
-1053972
-3098654
-695118
-1551294
-3190366
-2256231
-541896
-2327823
-1455144
-409802
-1690020
-1011883
-1335576
-315857
-2278802
-1721326
-1083506
-2070196
-2067181
-3523716
-1808406
-1395836
-2199905
-1060843
-80629
-1450398
-2140842
-357563
-1433372
-2273724
-1159007
-1070167
-1195025
187381
513172
-84002
-1301787
105231
147129
2225736
3091844
295047
-259616
1476600
1541259
24026
1419414
1713216
794213
438221
1614248
3187239
2418130
1952936
993785
1120936
1998742
2311589
-95923
282134
838483
-140306
152705
977679
387198
-757646
-246999
-69292
119391
-1389437
-489022
472708
-1370523
-1682256
-373617
-1039197
-1384057
371425
365919
-614374
-1028527
-243225
-18645
-573942
-991927
-929786
-1549918
-586802
-38213
-485189
-1077328
-220070
-32143
-1848203
-286976
823135
631126
311086
491800
554242
275058
723528
789825
2386336
1988011
2076656
1597303
778781
1118648
1222651
2341453
1304598
1200191
1856497
2438834
2370976
2783816
2852106
2058794
1911794
2390614
4153175
1408603
98366
259467
3217226
2831659
2462450
2151204
433895
251276
-520141
653049
2475197
2857836
2936664
2420390
-565359
-1482196
374966
1665272
582209
-621945
-2989168
-421966
2001340
-3155277
-2338199
-945237
-2076776
-1275345
-1172666
-888462
-280596
-180590
-693605
-1660540
-1626110
-1013435
-1979851
-1710615
-1505794
-2399061
-2943083
-1402959
-338665
-1772111
-2226746
-676624
188233
-1336659
-1197578
-398081
-1111990
-664274
-1331449
-389877
-1563530
-853027
-57689
49509
141774
-332663
1127950
966493
1955820
812464
-621927
-289070
407360
759862
1368258
162207
211920
857273
-786703
1150970
212974
-608509
1092508
64596
2470395
-705829
-230468
888065
664579
-17210
165319
-154337
293526
667350
-1543714
-443872
-1466517
-1581418
-1559002
-2551485
-1315765
-685149
-1902473
-2496079
-1020924
-2267643
-2061032
-3951804
-2490539
-2838165
-2944776
-2886368
-2171968
-2894174
-3422622
-1752543
-2285387
-3820910
-4330578
-3517548
-2480072
-1182603
-2749721
-3758274
-2555518
-1699875
-3145676
-1801159
-367330
-1663223
-1047391
-1305221
-1622466
-1550104
-1268997
-744879
64434
84862
-739964
1720761
741848
1601197
2027563
1373047
1545802
1605033
2982500
2155872
3541253
1952938
1708419
1684820
2509482
1692775
595689
1283748
451675
1510915
1535161
2238234
884094
1174001
1325780
2046512
1760750
1903517
3742042
2733333
1352754
602764
1164958
1391428
699060
-42923
1185889
1320128
1588227
1111382
434277
451286
-892944
-585283
469805
-65061
2075858
1180551
916845
1696438
1373698
-313089
-602566
-262339
-1368215
-1075254
-514863
264161
-1445597
-1744786
-757174
172439
-21379
-654737
-268459
573220
-232832
299152
-434321
-1367744
-869753
209971
-36529
-5435
12813
629792
-987904
757613
1642358
1640148
1815963
1108012
2496697
2916158
3805414
3287619
2175466
1886834
2853872
3520498
2945321
2928685
3874040
3506203
3404862
4213790
2255520
1448695
2988608
4576126
3899269
2516691
2993810
1789842
1050841
1909291
2415714
2383636
1492528
1002552
1376058
747173
553335
224643
132860
1104312
83714
343978
-543065
-625703
-1946208
-1532232
-870498
-1039410
-1283972
-1654061
-1052385
-1763621
-2271849
-3019306
-2635000
-1588391
-1497136
-1149150
-3622554
-3176633
-1862345
-2395718
-2694774
-2475172
-1985901
-4627310
-2757490
-1620692
-1611410
-676217
-1399059
-1422606
-1270826
-1120084
-950900
1525063
1161234
396795
478994
1653087
2498354
888747
13853
1732213
407402
362159
656769
1309703
1876477
1755116
1481779
1131096
3002216
2231287
3461383
2018172
1658812
438449
627237
1033917
1338395
1600386
453876
161865
-254150
-1059915
-745620
-618442
-159423
-827017
-67306
-877813
-1317885
-2113990
-1694416
-2598318
-3346208
-1888922
-2163474
-3274612
-2689984
-2303339
-2801417
-2206387
-1131826
-289452
-3159335
-4628680
208930
522823
-2655829
-1629174
-348718
-894917
-1072700
-2708760
-3179994
-1572440
-762053
-2243664
-2778796
-2241151
-2384576
-3451458
-3109138
-1494481
-854764
-1524419
-1910739
-1215889
1018929
612155
119421
1681547
437179
-299227
2309510
1462627
585961
2614387
2089624
1466956
1078781
1133062
1969451
-227751
663603
2225794
78778
303546
1884997
1487188
-3635
-466666
180270
1657126
1271138
901225
-1685436
-2734606
810152
-164247
191099
-809537
-326761
372840
-199434
1127419
760238
1701945
-2330
-40955
-248486
-1204861
-1062449
-2023789
-2469542
-1955024
121831
-2766253
-2892031
-2492326
-1467400
-2109179
-4235594
-3768586
-2896684
-2457588
-3716398
-2827790
-2366014
-2249048
-2279582
-1810772
-1164724
-2260645
-1397576
-1122845
-1915660
-1111639
-1189815
840673
957742
-544016
-1038286
855639
1562423
1230715
1602543
473347
1425026
2258853
534057
1412015
2079734
2821763
1119066
7202
-52164
512642
1247872
504478
2748171
859557
1746403
3140940
1445155
616446
1124010
1900082
195309
361885
879685
-377819
-78096
1429135
2194146
949780
475150
-840565
-181215
-118840
-485556
222440
335285
88002
-797565
-788278
834969
69774
1053743
318702
-233801
-760502
-299318
-477642
1353931
596767
-574021
-473946
-1802557
-2168909
-728718
-412552
-2294845
-872739
570726
532731
1102454
5213
-218230
1673210
513438
267288
1372544
256898
1398941
1507005
1185898
1188603
899002
1079787
596006
123443
397552
506811
-761438
-1550416
21458
923019
-173001
168622
-956560
-464436
360955
-621385
-840461
672070
1707430
3046445
1257924
1927077
1244404
702468
1437798
1206929
-93244
1134460
2023603
1180666
277033
595634
276563
713694
157825
1451076
1012858
-722180
-228439
366483
-494372
-1791023
209961
140048
-354572
-1244628
-2002718
-999533
-1962
202875
-845405
-121618
-177854
203462
-169044
129255
-96123
70772
589682
965608
311518
604148
902658
1013568
841934
350802
-52131
-659634
-257348
1204618
702778
-650714
-1059656
-1487781
-1264839
-300007
727601
901311
-934678
-1916920
-45009
421990
-587111
215954
1003821
348172
559574
-343036
-228777
1112225
790033
-78372
1844881
2237322
1292948
1404252
1943620
2490139
2121813
-3673
227425
875008
-166074
171300
1605738
41472
-1639077
-692278
-1197320
-1160851
178541
1798394
1129294
-267590
222370
291545
773638
1377670
791560
-133263
-24965
-589683
-333217
-16270
-1199842
-10994
243624
227182
-919231
-52194
-232893
-1038286
-130066
-310594
-764414
-1853315
-1597852
-1464716
-1359892
-670553
-1916898
-2655900
-1788932
-649486
-1671857
-1803597
-10905
-918307
-1108452
-571878
-313376
-1143001
453096
876860
428299
1146038
-17666
437634
24640
-284171
-1933890
-971680
-1147013
-52147
-187158
198863
-162545
-517958
-377758
655742
989267
274426
-646465
-977836
-287797
-625567
-1527464
-1953742
-530397
-655418
-1448656
-743872
-542066
-2161438
-1622583
-274711
-509147
-364082
-642987
-853000
-414148
-523481
319968
-396855
-768043
-549132
236906
-128083
-560293
-342073
-1296456
-489860
-186734
-355182
104859
-855763
-2477866
-2994416
-1977047
-1323875
-1425438
-1274483
-302830
90785
-30512
-629132
-292395
-49430
108523
-99297
719731
-414301
-189237
-838039
-1333412
-823164
-1127015
77885
139526
955693
-58212
-304904
28420
494263
608578
219872
126558
-813175
1144474
1688038
1516413
2572922
1302748
1335539
2182220
629178
690080
1213902
2436400
569192
2914336
2604088
2110793
2260724
2780714
2415802
745193
816535
1243313
1559771
693878
390042
579727
269860
723639
790759
460586
-152347
60768
-30544
-623066
-298494
-1327703
-1108764
-489276
-396454
-434386
-594874
-245701
-103315
-488221
-1061191
-877300
335963
-341839
-2109826
-1073180
-547902
-2089375
-1693944
-1500560
-482891
-794321
-676797
80510
-1408208
-1565495
-483567
-951997
-2732921
-793561
-704111
-1988347
-1764236
-2091711
-805520
-179357
-940758
-238992
-220558
-191549
1050136
845045
1161928
1165769
1748411
339579
247157
324569
1197001
2056687
313188
391771
1929093
1886656
1980400
1534550
1682899
1614590
2123718
2908183
3238207
3398552
2990815
2907405
2603124
2926160
3303767
3148940
2767296
2070770
1275189
2097200
1539886
1654052
1000957
1815387
1588485
840171
-224564
57163
1912389
2142131
-549596
-1442133
-951719
-2078949
-1623274
-932192
-2703792
-3213236
-1539979
-788046
-2224026
-2151741
-1302882
-769858
-1648391
-519829
-85832
-1092317
1177953
888838
-362442
-104017
-644061
-82583
203972
281482
-324320
-371732
-492425
100172
639744
267712
-1852648
-984367
-688987
-40429
350584
587024
-832735
1071611
1123712
525704
998380
752976
623406
152948
1474132
2273824
2433908
2292055
2864243
2145418
1822163
3105015
2459102
2569818
1938003
1448515
1307830
1367808
874129
888792
-309932
1596521
2063660
876069
-356204
-459148
-398028
-618868
-228858
-1398638
-1692958
-2101972
-2272722
-2308824
-1776581
-1834859
-1241582
-1536848
-1178885
-376660
-495713
-1640306
-2507858
-2806539
-2801721
-2104940
-1875471
-3059494
-3135802
-1546424
-1438718
-1216386
-2283427
-2647454
-1723763
-1358376
-1903204
-2540040
-796517
-1381500
-1596111
-919704
-1618640
-1622839
-1666745
-2254700
-2414443
-390702
-703427
-2711604
-2609758
69134
446358
7017
544818
1023579
903781
928134
286105
-4336
-53141
54360
-44035
1316589
1188796
-872238
-2037551
63861
978251
1687672
1080002
1087471
90306
160716
-1463111
-1064769
-506343
-1029715
-725328
-3340
-492447
-2360224
-1432470
-1709304
-2250125
-3052089
-3247965
-1255006
-606316
-1352437
-2133783
-1025954
-1693803
-2347436
-1674066
-2751892
-2374113
-2084743
-2153156
-1149443
179165
-1232498
-1300598
-1598516
-463355
-2077489
-1894308
-1591452
-1814337
-2402629
-3057488
-3673462
-3220620
-1979246
-2559391
-1403355
-1698578
-1625177
-2109909
-1636761
-732382
-515824
-265373
-99403
794988
2717952
3226560
2806914
3298485
1895031
2808516
2914302
2461416
2777230
3943737
3004908
2142044
2438884
2775118
3488807
2993048
1603824
768040
1589735
1862428
2534581
1451804
1654801
1659503
2084158
2297378
2929184
2078984
1875980
2422604
2203384
569393
2490779
2388778
1480869
543064
557701
441284
375509
-638068
276588
953034
387105
-111002
675518
1557342
-652757
-1220758
-1153807
-1920035
-1742608
-844018
439425
188930
-449895
-1158508
-1428646
-1946088
-1199559
368000
-309313
-2149004
-1681880
-1500718
156439
135570
302289
951678
203292
-387300
1161975
771819
1213153
487330
-435573
691889
1426090
939267
811514
1679548
1121693
1688737
2333292
1047723
1811803
3327470
3349061
2561102
2238089
2431412
2121737
3216188
2928585
2365099
1588114
2013248
3024697
2501540
2543249
1314621
507945
336287
1132790
1477366
2543814
2161502
1228782
2125674
2162151
1953769
3610782
2213754
970338
1905117
1152903
1150399
473899
-409440
-614907
231035
1174240
-6404
-220966
-888087
-1918256
-2439404
-1716394
-1869194
-1219120
-910959
-1523204
-1259072
-1581884
-1130038
-1699967
-1678714
-3338936
-2894081
-3016753
-3154100
-1998184
-2733708
-2327268
-2777145
-2397415
-2517798
-2182774
-2315781
-2429254
-2108294
-1305364
1148696
-783671
-365257
-1056816
205367
818708
-284984
482314
-146614
2625620
1285183
1632804
2066552
1789035
1589446
2119090
2746487
2470117
1167592
380456
1597343
1932672
1820752
2507602
2770528
2838019
2075644
614472
1187887
1827580
725636
484260
298498
72405
508721
-878020
-611848
493545
-83616
-476622
-615240
-216712
-1411592
-1682360
-826842
-1053176
-637294
-1370426
-997664
-1234112
-1884045
-1121097
-545053
483774
-1198992
-925359
-1341347
-3073834
-482329
-1308879
-2365349
-3486784
-1504074
-1059380
-2138145
-2645233
-1935211
-324384
-1508099
-280388
-996633
-1797056
-1897982
-1995538
-1517036
-1697486
-2245023
-2418004
-2313851
-920712
-660359
-723635
-540867
-421934
-1039966
-911987
-2199774
-2151240
-1308261
-764544
-369466
-586235
-267445
-724761
-790115
-1102605
-133339
-114360
-1141284
-1333411
-300629
742011
245336
74109
517692
1037398
253728
-1276902
12303
-405933
1227722
1522392
1024814
244467
-161870
1576996
128764
1315412
1326657
-720586
-754701
-857516
263051
-101019
518997
-1143683
115072
-356140
-1589450
-1123897
40150
185485
-194767
-1124433
-1334211
-1586404
-1110387
-1077242
-736091
-1086135
-802372
-1017634
-857999
-333815
-1244930
-1184978
-1712394
-1013568
-507774
-1038565
-716132
-1294010
224459
-616038
-1169827
-1032440
-1590847
-1628154
-1025385
-684219
-2431962
-2604910
-2378326
-1639856
-1958509
-2427798
-1539974
-945920
-781927
-424798
114550
1253276
1862246
1960794
2380798
2870013
1480177
2842014
2322372
1477112
1201790
2110390
1079779
361135
1172855
1252033
2300983
2622618
2386828
2269336
3538171
1761828
2252817
1285441
1878884
2750586
3446044
3221032
1844528
1591723
360865
898822
1879332
1834828
2042568
1482392
1722903
2226404
2431636
-904110
-501894
1671309
1213962
494339
190203
-462214
-504768
772378
1538993
629436
-2503
1159199
1980464
-64078
-966558
-1057801
-142972
-755267
-142832
466978
-151146
-403311
607735
-240468
-341696
-77926
147115
-132414
-537886
-363756
645655
355010
-16916
587268
-297530
361450
2082363
1096882
529566
1461471
3322655
1670940
2387616
3734414
3113900
971231
910290
1573702
2491570
3477917
1777808
1607247
2283438
1755878
757618
928065
1598745
1821194
1932676
1134158
983717
825450
1656586
1142004
1031312
775967
1055230
1467060
644988
-645295
-1695091
-1139457
257056
431872
-16174
-1995313
-2066903
-2075842
-2223863
-1721658
-804037
-2171414
-2843080
-907775
-567009
-820196
-1745631
-1695029
-746951
-489448
352604
-436544
-1376250
-1502341
-1366561
-1939470
-1860295
-1824836
-2518038
-834415
-706181
-53263
366957
-1993262
-1324367
-788690
-513332
-1368348
-1846279
-2415320
-1113505
-265900
-2545128
-3036670
-1749591
-612552
-2358537
-2051625
-1376618
-1998956
-1618388
-953189
-1400447
-1374143
-207541
-1268289
-1186848
-1064221
-92233
-1446643
-1030503
97453
570620
-1406942
-1845290
-1305379
-828941
-305228
-1279545
-514286
-165547
-371598
-524472
-509195
-1597027
-1907114
-1204943
-1559203
-1163748
-1670596
-1059906
-469534
-1709338
-1622029
-1649331
-1630795
-830960
-1059395
-2554996
-2234256
-1794901
-1189811
-955392
-1484371
-2572420
-2772897
-1539413
-2160314
-3348043
-1975112
-1434756
-492612
-1439360
-1598958
-2829998
-1849006
-202607
-74628
-2270535
-965129
-1265955
-1678523
-859977
-1662192
-949409
-120858
-329122
-1217804
531553
-470268
-95081
1003228
231274
215770
1481112
1441168
123865
697444
204874
123793
1117411
72351
-1572007
-124396
432570
701389
780451
-166163
831991
1872519
1393534
93140
1379540
1739459
2059005
1665028
1997354
2383639
293420
-295644
1051606
1506085
2069641
2804411
2891943
1372961
379138
-187385
-529190
280136
927577
-229582
-416939
-4378
729806
839672
1693306
2385378
2919168
2071378
602456
1842437
2102940
787104
367044
404127
-10355
-712402
-854229
-398959
1386267
-93192
-176227
1650710
527642
-384083
-189648
268086
-231721
179353
507646
384760
-660717
-344071
-632664
415780
811845
501240
1085688
28418
403379
49856
980526
1859604
1196666
1115498
2425022
2995402
1986676
2597177
1363825
2372368
2528297
1184226
993616
1908605
1324725
1438338
3186116
1171425
702875
1272046
1553695
52623
104938
525395
-259745
-947339
-396222
-522563
-967752
-322850
690882
301265
28090
-88826
725358
861123
389416
-736451
-268778
589965
1675166
2453826
287532
337771
-1219380
-875492
537346
1670064
1366356
-18824
-247079
-859307
-1300379
-2135331
-1676456
595874
18760
-771644
-629044
318065
-193710
-1152145
-1948127
-1894678
-505296
590638
-202761
-1017810
-336744
714928
921452
972386
238012
35177
-724842
-209262
527727
-198940
-367414
-701982
-151353
-1459944
-1005232
-1208502
-1266705
467346
65772
-793129
-1258464
-617452
114067
1112473
259289
-1297589
32007
1503181
814293
460225
1588064
642786
-25804
538372
1036664
250310
9878
-60254
58662
594661
321433
27130
-91914
87062
-69157
693707
889028
1009287
207386
700182
1468523
1998071
1780817
609863
610189
195016
792850
94543
215670
1047110
766242
-41338
-112402
763042
186334
770865
760012
482041
1115430
1285533
354018
-144529
-567278
951456
1191298
481827
387363
-196563
-983191
-372835
744296
-384048
-866222
-1094482
-126218
518436
435317
1211015
1198714
1063789
-551313
-120482
-238108
-1019312
-789713
-582222
-828614
-450908
-1774575
-2201706
-1342929
-1361104
-1977004
-1182016
-2209829
-1445250
-1726670
-2871674
-3354759
-2646980
-867312
-1930344
-3244416
-2767236
-1590056
-1288870
-1538454
-526167
-743146
-719608
-528281
-435413
-1670525
-1847965
-1249707
-2167632
-190924
-492535
-1210648
-1016176
-315820
-1051240
-2846756
-1762216
-466607
-287931
735018
1353004
362566
-1449887
164543
-524400
-608425
599035
271101
898520
434474
964062
1157274
975124
1651060
937470
776708
-680036
-574812
596484
-374684
-1307522
-1122367
-1934242
-451436
364366
-447420
86933
-819180
-586296
-185598
-978539
-199710
-252504
-1450482
-823018
-1745228
-1514856
-1108394
-1906632
-2406822
-2393120
-1484768
-2291648
-2585236
-1784735
-2592703
-3153696
-1622238
-717216
-353996
-1252914
110307
-509400
-1254218
-327334
-710231
-612692
-180927
305258
-270889
-430291
197375
349406
78827
-791167
1131916
413062
297106
901121
896818
498171
1533282
1331895
864963
-377956
-896607
859667
1991476
1268235
1478541
590620
48717
-167747
159052
-126376
736830
215526
105154
1134031
700966
6895
-147830
147411
522935
375791
-13167
-62279
706930
232740
93838
-141232
1406487
1759444
2033474
1686709
1339066
2110099
2155661
1963433
1035974
434764
-817240
445021
177915
-439932
-1807918
-1708766
-720604
-1154802
-2481147
-1006220
-1823860
-2040484
-1495298
43050
-1496166
-1007847
726200
864982
-76223
544461
1040669
245055
655959
863867
-240994
-392648
615062
1033207
879972
950164
268716
650334
2147966
2897575
2140830
536890
1252875
2419358
2331894
1723888
1883260
1203456
923898
871732
1622025
1809084
656994
-726124
-974550
-916690
-283400
-686
699249
869687
1669237
1120379
1050536
1402561
1352449
2795338
3036623
2982540
1876693
2710465
1913499
1444911
1957979
1645906
1575322
1058892
1772898
978011
1172999
-616878
-76440
-269260
286385
407458
-177507
-1006410
-994890
-2123074
-2211779
-1262743
-156597
582832
376606
615571
-405114
-819144
-2420826
-664212
-255440
-250984
-627807
-1071023
-17739
224521
1530958
2202240
1852941
1959434
1562429
1017456
705410
1129033
-517833
-808892
-1125297
-748321
219027
391535
32071
530620
1032835
255723
-636396
298982
2213350
977594
-18291
1105113
1396482
886013
-412125
416748
124947
260661
995713
1450528
853602
-1031961
-1167815
-489282
257017
-801951
-1459431
-1345171
-1508039
-545464
-1371432
-1656706
-1502333
-1951795
-2282184
-584708
-1176333
-3128386
-2565387
-2458142
-2670644
-1665304
-1412556
-1218824
-361442
138593
-66852
-1885357
-2167392
-1996796
-2283228
-2319389
-1763836
-1845564
-2516561
-2756523
-1567121
-852522
-228883
-710054
-1454266
-2652034
-2698814
-956383
736113
-900118
6286
165987
301853
304407
-718487
-2014550
-631790
100457
-615724
-1615408
-584009
-27862
-1137766
-712742
-1277483
-434454
-246316
-306347
-573916
-1114139
-1268366
-371556
158732
-726685
-1515434
-662334
30881
102043
-750513
-838460
-1690364
-2388582
-1633341
-859824
-1491417
-1301344
-904128
-230360
-56598
-1179924
618660
-103974
-1294283
-368496
622446
-82262
599288
1628294
-67255
-250979
-845647
1253041
302095
-898739
-1019651
-375014
292233
242817
808643
-572558
-47816
1617810
2459737
1114719
-385846
1627521
2047715
2169080
1492276
865919
1052050
630574
94224
420014
1773268
1747646
1330032
823752
305496
1280319
1155050
452212
424458
413649
610118
876122
397482
-747584
-259193
-59041
-530073
-386368
25247
52246
-57662
47538
-36259
26941
-19830
1939333
2130485
1381499
1978192
996709
651331
2000640
3045664
1379788
982966
1418433
1350054
869769
255153
680144
195897
777901
109411
-437888
1411776
1633735
1055760
10928
246988
-892396
-83186
1076100
155534
277358
1434344
1475863
1381536
-636666
-1201619
106887
595518
-792303
-895582
300320
-302288
-859279
-476307
-459654
909813
-71612
-102183
930249
1589351
727030
350728
-28962
-41343
689031
246547
725135
-489253
-1398073
-828184
174227
632691
259927
81394
-775767
-167294
1778913
-244791
-1205737
32268
29856
143474
311172
-513452
164088
399625
-606627
-1043099
-1513307
40719
-387020
-1363411
-1525218
-704519
255319
346201
712003
787127
-175016
-1085229
-274460
665787
958394
303482
-27910
-32906
38731
-32370
-616799
-304435
-681386
-184743
-788880
-100603
431229
517946
-137818
676212
920437
981188
2154145
2183258
1285204
781317
998814
1522770
1883446
1243692
-399832
-309114
562907
-214280
282551
220255
-449894
118388
432849
10714
-97785
96271
564350
344383
10122
-721004
-849686
-1043399
-822555
-364312
703430
-344628
-256089
-784753
551180
-1218661
-1560707
-988070
-273750
-1099234
-882115
990053
574132
-1119696
-2135120
-429791
-78629
-1117664
-1364368
-1557411
-491912
-1415411
-1623202
-1527216
-1291888
-726440
-1232718
-476758
428864
-45665
-501821
685688
-940728
57297
122806
-306533
-1289517
599194
117659
-410270
99127
1085869
289070
602572
267161
80168
-775986
-1450020
-718266
-567565
-216130
1144625
1396476
-405115
-1617697
17561
-342728
-1403338
-852336
-1083598
-601549
-117098
-1686017
-1716340
-917494
-1416687
-1364970
-213509
-622528
-1545454
-1936245
-1185988
-930830
-868265
300668
-308129
-853470
-1122576
-742100
-429379
-530441
-953158
-977553
-226438
-45787
-549997
-1010574
-1557427
-563006
-702253
-1394961
-788505
-507933
379563
823228
-144535
-1123166
-883998
-286434
-645800
1059013
457223
908905
-716570
-1206206
-334020
-713152
-608408
-1467845
-1547011
-2234963
-1526600
-1459725
-2020833
-1579663
-1629364
-1017810
-1803385
-1597178
-1475430
-1349243
-37522
300354
-466183
760281
1363403
1630214
418826
832745
1292595
223716
806813
2461094
2379540
2309138
2216380
3145503
2339114
2040858
2845959
2034300
834502
2719508
2575457
1246996
2024138
1619094
305819
-163058
1385850
1143006
1726316
1007991
-131007
-1173918
-835633
-324915
666404
967914
293776
621543
-394477
452141
-1197418
362607
1150285
461452
596126
1342182
1042972
723996
1105197
1427212
1316650
260031
-56182
645881
292962
-596104
-1032252
-2167936
-2159114
-1948332
-1050480
-1064795
-760661
219286
-889439
-1183776
-501863
272888
-815397
-807490
-425302
761792
892081
350933
579254
278196
73746
511452
402155
-37395
598405
978569
1579912
1188403
1000020
1439734
1966782
1176500
1575839
1794317
1322738
2104906
880977
1383947
1576673
938778
320155
420837
623848
1502454
-587125
7405
743548
1935258
877972
599463
1615128
1690740
2240702
2595116
2426627
2234805
998543
1239504
1698430
845257
389815
1011114
305886
600670
265694
82026
-135965
-521229
-1021405
-269115
5982
-593527
-1618761
-1868287
-1239656
-2815260
-1756049
-2403935
-3059286
-2858387
-1535518
-683847
-1868218
-777438
-1535736
-1444702
-1041103
-243687
-1118834
-868429
-944572
-1559858
-573825
-49277
806532
129873
818955
722956
-131923
167487
-322077
-1454258
-163637
1731594
-17886
-321434
1140135
-502628
-646416
-188710
319870
-284032
221597
-165957
1405696
1123613
458654
1065888
1340100
1592244
1103324
2366370
1945097
840671
986448
1343275
963419
-479342
468846
86018
289373
-950151
-675169
-531404
-441201
-380878
-639737
-852895
-1056503
-808720
-1017199
-1498756
-1262325
-2225121
-2696908
-1685704
-745147
-313127
-646840
-859363
-1048565
-1457007
-1939639
-1841946
-1843272
-2503169
-2128867
-1269800
-807754
-1616896
-1185510
-1637096
-1089252
-446730
198396
-751499
-1498430
-32865
-315944
-1420162
-2123978
-1663808
-1985523
-1112599
-994794
-1460230
-1305607
-2189299
-1441073
-1735001
-1580935
-863928
246958
-74928
-1899008
1055954
1345183
134524
415829
306176
258443
781509
1204994
32010
837369
724092
1146426
102502
-505005
197527
364269
705432
790109
-176697
199056
296742
131497
-192000
166826
512271
-258974
337715
1456907
-483768
-729069
-750903
-29422
-931244
11473
988631
-1058643
-1629684
-489218
-291810
-1822918
-2365035
-347207
346043
-1091523
-192844
1046488
-1537396
-1629618
-1034655
-674595
-514997
183766
-723052
-240929
559242
417301
579351
906355
373234
553938
-342401
1054909
1683566
255724
54417
997010
1029092
807344
1024094
208901
54085
1186766
16554
-246592
416285
1203927
1389685
1976174
1818703
1859323
2491685
1495604
977738
758819
1724854
1086681
1714871
1672428
1417479
1392448
2572066
2791728
2162126
536728
607161
1495956
1347559
215102
-658768
1612857
834138
888395
511509
66951
651409
724234
-561118
129042
444480
-644731
269431
319979
93963
482705
427027
-56651
-670405
395998
-1085447
-1663600
-269682
597216
564868
-398421
467503
712702
590635
374039
-846618
-1257981
-435779
-1061906
-1348706
-1584382
-1109508
-1078532
-1376566
-731390
-569119
-211928
499111
471996
-105212
652628
296026
682649
-1098031
-425356
991651
1592503
69919
-561868
261311
953094
1031711
813535
1658933
1142037
1030808
2059661
985195
1929738
13350
719085
376711
236660
-133914
-734386
-627255
-803010
-1280631
-883331
206129
-29933
-652899
-268589
-68614
-518548
-1037640
388284
279322
-530599
187749
379256
692313
800302
457277
1132258
631975
76692
-204217
-1093055
-2647088
-2134796
-1234904
-1483283
-1234142
-973404
-815734
-1026842
-846045
-343997
-595489
-263249
556068
-216615
-2280110
-2210146
-1232824
-1470232
-606100
-34806
-484740
-1720061
-1146594
-372338
-506554
-1630263
-1874192
-589805
-1253207
-1766792
-2056886
-1661667
-2001164
-455692
-79485
-470000
840468
641863
-516208
100395
-177308
-303297
-770867
546692
-575338
649229
-76250
416446
879349
1536341
790616
938977
-343660
337189
1474458
781864
498639
914320
1023037
830059
-280745
-987437
931553
1937377
666643
-761623
-940759
-301971
22843
-603895
-970118
-945718
-1538265
46268
254009
-436377
-543598
-1118519
-1270051
-368980
156477
-1366530
-1161129
-428764
836357
817724
410788
-749240
-901797
297920
984569
351075
560521
297023
58562
522952
1035228
254855
-636004
-1626028
-569242
-40590
155270
-789724
-2092884
-1000211
16843
184084
1094520
-558322
-1222786
-529150
308195
-203854
-498355
-389187
21709
697970
224877
103553
-791026
-156389
-795382
-99758
431685
1158913
148705
87576
523559
1670382
547199
-587734
833012
31435
-1473660
-1498355
-1350994
-672747
-633285
-800726
1456074
2303671
662717
-831294
-869842
282250
352323
1342024
1083530
1794990
2234015
1767890
2038655
1499785
1706184
956544
1849612
921366
572998
349850
464466
-67633
-666877
-246943
-87593
137800
-762692
449804
-1121056
-996977
-643330
-905458
-181267
997437
-207159
-1095147
-899613
-917945
-297198
13455
46193
-49199
-1242956
39021
-439649
-26904
286854
-634741
-812123
4636
-1124626
-1374096
378569
998322
321022
-53590
-10583
21424
-19437
1298451
1202110
401200
-175252
737356
1508014
1309253
892831
1523334
1262584
1578323
1774514
700574
520152
909006
-259131
258131
895446
-192818
-1730679
-552986
-1319112
-424663
-247803
-948414
-217529
400973
110316
-191630
-470886
-1060889
-881088
-943477
366374
2848834
2539375
2540512
3234560
1371322
491932
1444190
781228
505364
907680
1669965
470413
772832
1342532
827091
-161964
-3218
2602179
1108548
241935
-1107926
-1148424
-955116
251811
-703081
-274709
1230824
1321486
936231
193998
1369938
1087256
502436
-895662
-772839
197549
1059677
937247
245598
34603
557403
-277825
347618
1450728
-479539
551109
1748034
292095
-1278342
-173971
-38141
714954
-421785
-822340
-489469
187767
-90614
-588130
-1604778
-1883447
-1227208
-258357
36519
-626426
-950188
-319653
684134
307415
-1901533
-1584740
-2289830
-1925376
-234309
-27369
-1028539
280399
-255513
-260760
-156367
-431795
175870
371353
1344251
435867
1514666
251370
-258672
-80338
-688752
-683955
-755111
-1317447
-855902
-1097272
-1870262
-1342485
-144976
-696029
-843650
-412898
114978
-1315932
79476
-465701
-650410
-653697
-323084
166409
1000622
1644543
1760513
701356
522178
-376384
1095498
366349
-931748
-999341
252774
-53565
-638487
-1561538
-1916848
-1202280
-1559927
-1163554
-1029049
-1415510
-1985330
-1804297
-1871983
-1840242
-1858586
-2488098
-2782554
-1546641
-1509501
-1786690
-702151
-516117
-912750
-2304297
-762688
-821337
-3159752
-2425158
-1489802
-988346
-577901
-331453
-1123595
-845997
-966194
-901007
-300865
655337
332624
-1279522
-642515
-1319677
-1047696
89239
-700849
-64267
196951
1568060
1528840
2233110
2173715
2382122
1722704
-50433
996305
1683869
2833584
3111524
3361047
3875635
2776100
2566047
2519681
2437163
956169
419874
496981
347151
20878
-90790
87187
1855280
268789
-164655
-358482
393921
958748
819354
-718634
-1014723
405433
899050
-226053
-414758
-7283
1373888
1765333
750905
-170260
20445
13642
623756
-981995
-1813507
-1422781
-717158
-1035740
-856901
-1614473
-1178071
-1645070
-1724317
-1379280
-778870
-2265561
-2753376
-979143
-1796396
-2073569
-825920
-975473
-715691
-665539
-118033
-1500807
312393
1261807
359293
-606655
-573379
1050482
1734447
205400
1378036
896802
-410673
-698668
1598783
1677931
1435272
1373432
662842
-2851
511238
1700958
1160496
1003781
1441558
1322594
1534356
1165109
-250570
839636
1240193
455087
-237146
788823
827054
1694144
2387070
992507
1856571
1368718
1874705
2096457
1890324
1301472
1285406
958348
-462608
-1471768
-759364
-2446617
-3036642
-1127822
-306618
-396465
-9503
0
0
0
0
0
0
0
0
0
0
0
0
0
0
0
0
0
0
0
0
0
0
0
0
0
0
0
0
0
0
0
0
0
0
0
0
0
0
0
0
0
0
0
0
0
0
0
0
0
0
0
0
0
0
0
0
0
0
0
0
0
0
0
0
0
0
0
0
0
0
0
0
0
0
0
0
0
0
0
0
0
0
0
0
0
0
0
0
0
0
0
0
0
0
0
0
0
0
0
0
0
0
0
0
0
0
0
0
0
0
0
0
0
0
0
0
0
0
0
0
0
0
0
0
0
0
0
0
0
0
0
0
0
0
0
0
0
0
0
0
0
0
0
0
0
0
0
0
0
0
0
0
0
0
0
0
0
0
0
0
0
0
0
0
0
0
0
0
0
0
0
0
0
0
0
0
0
0
0
0
0
0
0
0
0
0
0
0
0
0
0
0
0
0
0
0
0
0
0
0
0
0
0
0
0
0
0
0
0
0
0
0
0
0
0
0
0
0
0
0
0
0
0
0
0
0
0
0
0
0
0
0
0
0
0
0
0
0
0
0
0
0
0
0
0
0
0
0
0
0
0
0
0
0
0
0
0
0
0
0
0
0
0
0
0
0
0
0
0
0
0
0
0
0
0
0
0
0
0
0
0
0
0
0
0
0
0
0
0
0
0
0
0
0
0
0
0
0
0
0
0
0
0
0
0
0
0
0
0
0
0
0
0
0
0
-552344
-373908
17182
-1225334
-633655
-56294
184023
-173912
138062
-745605
-850639
245697
-256342
-252951
-164060
215975
-184412
1425401
1107488
470924
415183
1060819
-390839
-281409
533213
451636
-733169
-284587
605218
379799
607857
243604
102816
-152451
-508814
252605
-331999
463410
61875
956363
-43279
1604720
2181822
1217070
1671793
2792762
1058843
425066
2215896
949689
1934075
1940911
290177
609609
79843
-194290
-290677
-309968
-1202951
-128844
1184477
1338819
928101
-1084495
-1129912
-1158470
632785
57508
-998074
412687
66796
-783173
-1268691
1315630
-317471
63716
812681
391150
-548448
-638370
462601
-1158925
-961432
-671495
-884253
-838546
-560215
-840949
-1726107
-1068913
-1090908
-730672
-1088843
-800736
-1018736
-2140411
-906343
-68086
250701
-880252
-737752
-482461
163711
-709406
-892230
280285
358801
-588890
-1052746
-865565
-319141
-1258180
-1816188
-1364571
-2058404
-2844166
-1570993
-2755799
-1749301
-1139485
96573
-338364
-1603624
-1113203
32235
-1733487
-415382
929323
1191649
1298926
786802
1812143
171590
-58150
-1087744
174771
214124
-602071
-830389
658050
436324
-101253
14216
6042
-650535
-919796
-986995
-2148429
-2187844
-1281738
-142288
572248
1025980
254256
-1275138
-1914368
-1903936
-502762
-51648
-1130155
-1357218
-920500
-2127440
-1580741
317936
-182307
-341990
-89320
-482954
-1069306
-870190
-952754
-1551268
60770
883622
500349
430562
-243767
-302765
-1399641
-1035496
-1190160
4109
406487
521803
-136728
-608854
-291457
-54450
754983
-458799
490063
1343727
882724
423397
328187
696352
806501
450225
1779706
2838274
2274536
1697420
2563026
3381127
1860868
1543097
1689718
2076198
1657721
1359657
1453604
597344
1330154
1046229
1834921
1559724
223598
-529952
659883
1015690
-394598
-268555
-120566
816929
133736
-470216
-1126959
-173123
-69421
-1178521
-663367
-35797
810960
122706
183682
-209547
-1109195
578211
1205717
542333
323563
1138686
832394
1618449
2462186
1573710
1546647
460669
165829
1023688
799836
1212749
1123703
1780538
957294
1192316
3217421
2934143
1897673
945694
1822045
2876084
2047959
2097891
2025466
2096932
2210963
447210
-415733
499972
-129504
-431726
631986
1024026
1527408
2515307
1538542
288176
1795680
288382
-813993
986
624201
-799888
-1535309
-627615
-70
126218
-768625
-1466684
-1344568
-1507188
-546442
-87426
-443767
-1109130
-196386
-49590
89387
1203189
-648668
-1795288
-224924
-704559
-1280581
-1083181
-2620694
-1983337
-2855864
-1565703
-1304171
-1699355
-1934508
-53622
-27391
-603249
-960672
-313760
-602884
-1545076
-1940573
-1181708
-934269
-2148857
-2198012
-1271418
-2075421
-2845760
-924372
-1191361
-1761797
-149555
-1428748
-856982
380786
79150
-617789
777327
915132
-316988
-326460
-77881
144007
-770891
-1467979
-1342810
-1508698
-1186872
-374279
-1138101
-642777
-706242
-91719
405677
-741314
-1370333
-985454
-776232
219012
1038756
312394
-694629
-936989
-960827
-1529716
-1242493
-314070
-545927
-2243940
-2180362
-1911669
-1724709
-1325301
-1474720
-582994
-1340353
-2322040
-1770668
-1376569
-1875464
-1922708
-1133283
-345004
-536742
-322179
-1962810
-3321306
-1400125
-445507
-1485129
-749352
112378
37503
-701932
-232790
546804
1069780
215283
38479
-82001
-566793
-986389
-295202
-616394
-893611
904576
1304075
1019331
1397048
722674
-67821
-76989
91124
-76246
1341622
1170074
1707960
1021026
1784352
-309100
602677
558691
718484
276309
1150843
2112847
2832324
2213566
1118388
2226324
799838
799616
607763
2554297
1855547
251438
24163
386726
-565519
-440287
-554953
-1567890
-644052
-1260170
-1107283
-504341
260008
-160338
-1174066
-1291174
-978151
-157897
526940
-208472
-999259
-1637461
-1126319
232249
-828992
-1247224
-450150
-1049603
-716604
-8123
-489386
204042
354573
-569310
-1071604
-208923
597083
-910414
-597002
-798080
-650077
54371
1179116
204208
669246
217107
-524449
194063
-269932
-228893
-185544
232764
444604
437478
1223680
1185532
1074511
82140
813137
1380002
1422870
1445797
1234093
339392
1163724
1907191
8765
258043
1483286
1430483
775779
1616785
1192049
1630535
1736137
1370304
143933
1333084
1134414
1103974
1987549
2326265
1816344
1791331
1918999
1153927
966567
838738
-919727
-1277796
-401141
190405
-1394215
-1140082
-444385
-1076941
-690246
-29159
-473511
-1090902
-850350
-326787
671247
1605013
1224908
316635
-94717
31694
-654460
-921001
298200
-295045
-1507740
-1398431
-803125
-954106
-1563388
-568356
587523
454645
-105518
656424
292267
-597523
252508
969121
-265844
894402
1188138
-145122
87273
-238686
-238879
-823369
1228186
964231
654757
258942
539537
1158271
1230855
400442
461330
386941
-653603
-993266
-912428
-283928
-1012
58086
-699859
1044179
1124616
-1394482
-1789171
380409
438302
-689035
-967925
-930812
-270516
-652412
-2145513
-974837
1285073
124412
-374914
1165364
765920
-706378
266874
-948249
-492550
-895611
-572903
-3704
580464
1169867
1210958
418139
-194080
-530291
-1000603
-288231
21043
36752
600374
320087
668933
194131
1423530
1033287
-95610
710157
2622564
1594845
209946
579911
947469
973336
873423
968790
892881
308522
1263379
529896
153084
1022601
803491
567692
198872
155913
444692
1736030
1780167
663186
-84948
-47793
65180
-56000
684862
895286
-278427
-1002881
305035
-285467
-877158
-461692
812422
206837
-542889
214688
996207
356091
-1371655
-1196092
249053
451312
-675728
-342338
10205
-583060
-988548
-289758
-621439
-889627
-381612
92729
-1299826
-1857053
-1315068
-1458419
-2526248
-1541395
-924701
-1444596
-52238
334332
-1139022
-142680
1005543
418523
-794775
-857518
-1020688
-843841
-1630645
-1164418
-372369
138657
576877
-318341
-257112
-147411
-441543
-457715
-562330
367827
204378
-451053
-518850
-1140479
-2536114
-2236964
-1154374
-260612
-1259043
-2468680
-3564202
-2978752
-3527848
-2271225
-1390746
-657405
-460728
-1799103
-891851
490322
-24094
-1177482
-853535
-306179
-1273644
121561
-516561
-607675
-686488
-1581862
-1065136
-20520
-406856
-1801326
-1722049
-1991752
-2377816
-2225197
-1839632
-1146608
-348290
752437
244421
714530
-478152
-123923
392247
-79726
823016
1222582
476153
1028382
2015930
1209712
890936
903653
-328268
-954396
-1016942
455054
849552
455393
1124256
1282005
355794
495988
-280567
-278875
-133098
-451575
191103
359997
69427
-142239
-512382
-387452
-1260410
-517020
-166641
-1011544
-170299
366124
-505696
786833
61427
-852970
-555762
-1022544
-81017
-363128
-1362991
-888846
228234
-1334267
-1208027
253551
-192414
-960472
-1038132
-163992
-738062
-155924
-164898
-444280
831747
645471
-518087
101561
463493
-1299941
-648266
615005
443045
542230
296948
1345506
1732751
789405
1722327
903066
1438610
2158809
2556814
2191462
1016002
589046
1417858
788212
1786819
1479989
1776727
1531115
2188880
2859374
3274239
3372095
3651798
4462384
3880455
3200085
2599905
2870572
2718768
3458758
3034619
2851213
2650879
964597
1190043
1113441
1153834
1299981
151745
1519367
2048524
1548407
1185070
188100
-418918
-86338
-470493
-440851
709708
-335562
-266476
-776121
-2021807
-1074487
77319
779738
-1151797
-1032350
-1884739
-870773
666330
-385500
-1310674
-1117020
-655797
-1158960
-2028402
-1632496
-1574664
-2345442
-1700019
-801381
-1536840
-1267370
-929194
-1495151
-642046
647980
-232992
-998907
-349694
1365760
559144
744664
69856
250203
1658909
1716872
2205600
1342003
1189846
1217794
1510423
2673467
1844346
2343560
1819114
2255255
809888
1245270
627363
520205
462082
362112
-628763
269915
-325313
-2754782
-1359103
-600665
-1337201
-867061
-440474
-955742
-2276228
-1423896
-1093222
-656994
-1804134
-1027350
-1117060
-1995896
-1032040
-1253806
-1677302
-863648
-2300339
-1238126
-172178
-1502628
-1889857
-779702
-878908
-1643785
-1144144
-1031731
-775115
-1697600
-1752436
-698823
-1809545
-2116677
-2704677
-2512685
-1133148
-2331358
-2435929
-2107049
-193490
-322117
-1561675
-1800287
-2782779
-2317654
-2135363
-1471956
-893149
-1028726
-648577
560804
497662
-143446
44357
-1299008
-1848154
-682593
759744
1587452
583200
34295
489857
-209776
-990493
-1004426
-833482
-1002743
-866734
-969612
-1534995
-1235414
-1603327
-1113211
212194
-169844
-333280
-1383784
-1045324
99737
571300
516703
-344732
-860049
-467000
-1110462
-1293556
-1630133
-432947
464644
-90485
177697
300913
-510004
162680
400350
676120
812361
-193203
-430399
1857
726235
842013
408474
1172996
-40816
-1469272
-1488250
-1362047
-663653
1379
-509594
864067
626067
778140
1305902
2787683
1950502
1392146
1362055
1324558
2189956
795005
1453386
240866
1047411
470698
1359260
2505592
1402105
607469
1321710
881286
429269
1605758
2555988
1481847
1620257
1688234
1420586
2027740
938981
57881
1036203
808935
-82118
1203256
1952121
597192
1230108
505364
826061
1281929
1518988
727167
364733
598511
256040
92177
1138950
698623
649860
-504351
-84554
-283710
-339036
108100
-862270
94418
711268
25470
-630182
-482601
-319354
589850
402256
-694850
-313231
-656844
433920
798446
511080
1078476
1958488
1899056
1140403
984188
823720
1658232
499098
-536876
791489
704604
1355274
1640982
1521407
1294161
2008512
1163758
297084
578849
931024
348505
-67726
-1285072
-556461
519610
-120985
197348
287263
-500215
-486026
-1163637
-594614
-107992
-413384
147616
396092
683433
805856
-188125
-434203
4665
82577
-84054
68007
590040
1607400
-44365
-1553012
-1403249
-789176
-967177
-1553034
-576150
-1331502
-1049133
-1190130
-1276373
-1451404
-796309
332874
286588
-526775
-459157
1381042
1207360
379315
-154280
79048
593041
-964226
-542026
-1484196
-1543895
-951620
-955414
-710616
-674678
-751450
-509992
194176
-2017729
-1445023
-482316
-335873
144835
383312
696856
-1129875
-1037756
-1883704
-1512325
-1544694
-1296581
-718202
-598469
1098156
-233285
22691
195457
730478
978841
1373081
293351
-742658
1039971
495858
2157039
1807706
1662631
1118502
1515338
1405285
614688
-602380
-1090600
-824753
288984
336482
-568174
214081
-922888
-507465
1039094
919657
447451
296551
1364956
430061
874752
1889651
1829279
762887
266412
48699
-102564
93447
-73443
696737
245242
83303
-1416333
-1096294
-484014
-404257
214007
-314164
-829977
-503414
203337
538113
990869
1579650
1827791
1288278
208074
1285010
528313
150330
-257501
-1054224
532518
1882255
1443925
682058
1066820
832673
2274209
2092260
2635858
1303669
1141951
632110
1177790
-1193772
-1070106
1369683
519983
-319889
1030471
890635
478397
912833
-254590
-1671997
-1241232
-928338
-218074
-705695
-177633
-149553
-1096958
-1370954
-913347
-848685
-364150
-574673
-280151
-714296
-798094
-1096676
-1420895
-1324721
-1536370
-1804252
-1962267
-1107779
-1004320
-1451611
-1953964
-545420
-640253
-2102497
-1662174
-1529900
-2384533
-1028072
-1179687
-1752703
-2085845
-1635351
-738638
-2434599
-1128116
-1539114
-1370817
-1756389
-470348
66082
-793584
-607868
-810626
-635266
-1882805
-952532
-534958
901317
132086
-1127114
-1397209
-880859
-2159302
-2198234
-1910692
-3005292
-616894
-1007200
-2180371
-2621822
-2121695
-1714756
-2756308
-1719893
-2452176
-3017996
-2248654
-1225763
-647991
-41778
-1752496
-1664565
-314648
-460510
-405009
-1894760
-806767
1065505
953232
-233248
684775
-352194
1038468
418889
310023
-396245
-1588266
-1758623
-894581
493538
144625
-1057773
-1469523
-180413
-634827
-256534
557216
-860716
2585
161794
948414
586235
621269
368624
-205729
312994
829491
-137459
793242
622558
154311
361145
537252
1140028
1249676
1026761
1400503
1359299
222471
614648
268391
718098
796631
455789
492898
-297554
380441
780059
1181933
1980303
2959486
2753810
2764020
3436679
3047747
3484033
2943056
2296698
1012457
1674643
3011031
2583352
2463646
2019896
3312217
1569207
1850518
2080504
1911244
642026
1013186
1536301
1866938
615992
-696482
1570241
2167806
1418120
650638
-179560
871567
552183
-432193
-607741
-413202
-1035314
-918424
372155
913190
408000
-124025
684427
-373796
-222911
-170690
-424987
171896
373985
-2507178
-1920289
-375755
-989202
-792353
55981
-1180281
-686801
629740
435959
-95195
8192
10888
628991
1579675
617309
1284719
2371141
2374024
1049576
1621739
1773627
1334337
1455793
600230
43617
1760244
2939590
893278
1203799
2397122
2364138
2337498
2190930
-42563
-388919
571426
1076379
845289
-306796
-964278
-1011312
-190224
-75454
-527416
-1668936
-1189476
-981047
-175423
1828355
1631866
1615507
1021266
519500
383620
441229
-51031
-37320
689417
886946
-270948
-367136
-687789
-807291
-451151
146173
-1339643
-1186121
-1050610
-747675
-1721425
-1733970
-712621
-1157771
-1196570
-1076649
-1360963
-2030666
-3052820
-3752924
-3141577
-2042834
-3152870
-3008179
-2297713
-1639942
-2616222
-2697540
-964865
-1180395
-1123098
-1787650
-950258
-1197969
-1288356
-1437767
-1449224
-586053
-700803
-750192
-1147605
-1379262
-1356390
-1512861
-538356
1188768
775213
-78840
-76458
1375997
1135517
452642
-855242
-161918
1147880
99110
-963469
-2376904
-37816
-604582
154551
778960
-234762
-201843
-399851
1264643
842411
1411643
1094962
947882
1049408
1258354
1677836
392007
-1074621
-860691
-1141258
-1183429
189999
-133390
-365512
-2000266
-1991703
-225749
-664251
-37794
-1120244
-1541386
-2952088
-1737691
-1573304
-1864083
-1073013
44134
-470349
-1108816
-832955
-982292
-1529021
-1238878
-317848
-1184448
-1249066
-1018447
-125801
-138863
-476540
-424207
-589022
-253637
-96503
789710
2081085
2295282
1187134
857513
1583428
567599
50807
1117970
2652845
2765590
2172199
531843
610054
1494026
1348920
2780506
1769069
1114622
1849268
1821714
1420215
1179677
1682498
2327917
2979176
1380929
995181
1405909
2643398
1434033
367623
453526
1042989
902594
925428
930663
920804
288079
636746
1516155
38089
307124
786394
548697
-240157
773038
201951
753137
-508476
-742757
-1835341
-1620297
-804140
-1730098
-1533880
-3017076
-1493775
-1985764
-676344
-150662
107576
102014
-1587507
-1389346
-1908023
1149207
1433143
-152766
-415863
-842509
179842
-1303475
-117508
81486
231777
-69660
485114
-4096
-734978
450430
1439129
1436260
1420436
-26264
-250460
428784
-732666
-2025279
-1901335
158508
214009
-418675
-1194972
-115025
1168964
1351656
-364894
-365980
613123
388202
-43786
-33954
42977
-678030
-257949
-715870
482219
761694
-103232
772418
636639
785920
12754
940982
1265268
871063
1734096
2158000
1395056
1317420
2010496
515489
1300612
1734013
155561
-496502
-1707
-540084
-1029412
-1540459
-1217895
-336669
-528125
-974124
-956916
-884593
-960847
-898631
337265
302734
739283
126809
193959
-220715
-458422
-425991
-1232464
-1178999
203871
-148243
-353349
556863
-840902
-1300481
-2318940
-1311615
-1839249
-1502026
-922399
-2276434
-1250379
-2089439
-2365690
-2046360
-1090302
-2108192
-2387594
-2833548
-2798708
-819352
-1306525
-383794
-291470
-271080
41259
-808651
-587714
-1469480
-907928
-662929
-262033
106814
406740
39320
-1404523
-1099340
-483322
878851
785918
-207335
-410860
-656566
-188334
-148657
829080
127152
175565
1080923
740269
2544394
2300467
1558981
482191
603272
407651
-241393
-300549
-760752
535958
716626
1856119
963039
2454536
2526148
-113319
1078126
2075738
1609702
476308
598999
1696327
1609103
381763
-237492
162312
525958
369753
1275496
-136203
-110670
951774
927795
456811
927090
376994
545986
948040
-303613
295059
225621
825384
697241
-1390524
-2348850
-630417
-1116924
-2537398
-1598810
-223073
-565901
-1600528
-608999
635897
-869069
-4823
170929
299112
1589365
2418636
520209
572231
251242
-539308
-439438
80521
648874
262473
1358772
1084731
1148818
1310800
1425055
2099104
2149445
1330303
101124
742616
805573
1083457
1432698
673901
615702
818192
1096264
1417271
1328451
-391446
307006
231250
-1107473
-153717
1651907
1985117
473803
-577118
-1087710
-191142
-700769
453593
787474
518170
1715141
323219
-832870
-1270208
-1239239
-831089
-1137966
90500
129029
-319470
-636149
-1690458
-1607544
-1026108
-687633
-503591
-2391479
-2501952
-2028510
-1542465
-2126848
-1636336
-87809
-874520
-1137068
-551875
-327757
-1132546
-837730
-1614313
-1823682
-2255
-281380
-177912
-876154
-655727
-565846
-410442
-404916
-621725
-224598
-119159
-476515
-428192
698177
315096
12703
-76118
-567533
937963
-78262
-1384340
-283018
-87087
966149
1079992
590906
299942
511102
1178651
574461
125258
1041652
148312
933148
1065895
-29867
-4165
-169816
-289822
1138853
1417097
858481
253039
1326138
-163718
-93155
298078
650471
-244448
-526292
288688
-364805
-152419
398147
561659
466428
-292191
380364
137463
-386220
712535
753793
-603156
-476182
130338
-35480
651112
283536
-587667
244343
-307835
440747
721425
587233
-265886
149594
544466
-287916
-281221
-129259
-454968
193746
999615
356870
-89932
18791
-642434
-930512
305356
982857
-290292
-366944
-1325691
-1738627
-145877
487681
-1274554
-1320277
354533
-271495
-1542767
-726312
-1182421
114186
114123
332369
-357480
-1631776
-439428
-350110
-2587249
-881152
1099551
-810864
-798196
-1257175
-437719
-247112
-304890
-575222
-471520
-983150
-317611
47107
-625173
1612808
185839
-674023
522308
1003111
467323
-1665013
-101565
599691
177168
-760446
-1023572
-38841
236223
881824
638300
-59349
1394647
-349897
-1022709
-772428
512849
922244
-450999
1270201
25489
839430
894735
1264430
129439
547346
1818037
-427810
-387789
-464065
1828236
-524965
169536
-535319
-778449
310780
-516371
817305
845904
1498038
365703
732771
942315
126192
-307814
-1468919
318442
-33883
-842904
-1008322
-397640
-970463
-986827
-213626
-1340013
-1113432
-1765297
-2257892
-466632
1086311
-239257
-1080702
-266105
-626725
-889061
-381120
92119
625478
-357906
-1510249
541518
40067
1142626
876805
759952
1453823
537649
2211803
1564174
1435164
-356976
-742154
-403195
-95200
1640067
693476
-258685
-1452379
111907
350688
-85297
-446217
-1287103
-478342
-1483400
-915900
-652107
-1554516
-1741168
-2843723
-1626597
37874
-1174388
-1792274
-943898
-91656
-829812
-719710
772433
118936
-1549558
-156356
-181370
393993
101469
-352731
-597131
201744
-83043
-1240156
-1240188
-374590
-485475
-1009430
-288354
22940
-606729
-325688
-1303615
-485947
452363
574126
1726175
942463
114990
-305171
284055
417022
-186665
1567270
2068325
2160444
2138422
2432250
396149
52769
1150454
1978157
1223195
884956
2831750
2452340
2631550
1235630
1852895
4069949
3345230
2424330
1906338
1509631
1252679
2052632
1769283
1252102
897843
1529776
1896688
1228955
-387660
323193
-427400
-737947
-573286
-386427
-427592
37869
1331020
-125383
508876
1257776
323859
-570179
38625
-1207467
-655948
604151
455515
-109736
-622699
-924543
-346215
1347311
577014
88788
436250
474825
-95425
642208
946143
962150
1526545
-37773
1022990
1012868
647045
1540121
1115078
620238
83356
2186413
1219454
675455
1470002
1179945
1210637
1049428
1214126
-31032
257391
1030356
774720
1236688
-820135
-346240
-427031
-142180
-61237
551800
568686
248461
747397
-512046
-96413
-270227
-991820
-2094121
-2421551
-2160600
-1254264
-1458610
-2538278
-2170844
-578895
-2487754
-2389912
-3405125
-2042918
-1645212
-2371952
-2120742
-2125960
-1982584
-1492857
-1254238
-2696031
-1411540
-1021279
-2015083
-390383
-964029
-986158
-1968974
-153675
251652
-1215424
-1152341
-647993
593667
635876
1009
-590408
123877
-647615
-304823
608391
-260924
-962835
902805
1319772
362291
-159738
87964
585163
-316492
-260638
-785830
-1371611
-2078402
-1719440
-1297092
-862577
-914634
-307975
23636
38110
-43110
-605864
-313283
-33082
96266
-731843
-214494
534401
436991
-77071
-10258
-615781
-951501
-320471
-1239568
-1193058
-1063743
-2016255
-2305457
-1831519
-1780239
-2568710
-2075568
-1310276
-777727
-355792
-1238944
-1828183
-2639557
-2636216
-1021898
-1135315
-1798606
-1406963
-736075
-378283
58515
-624461
-956587
-313607
679334
311031
-621015
-369214
-615336
-238204
-748344
-130658
453333
1143334
1443227
1292865
922348
1496917
2566433
2776402
1537089
878755
1491708
1938843
1835772
566452
1926031
742843
-1007448
925970
2408604
2588436
1929414
-471370
-194923
1565529
155553
178968
891779
1751574
1674659
124663
188125
888770
-172027
-1108667
-893066
-280221
-1291826
-1790144
-742426
-474884
-1587754
-2564940
-1476454
-1623886
-1044069
-494864
-1687027
-1639395
-1636335
-1640385
-2107113
-2278116
-2302361
-2423598
-2116685
-656459
787412
912754
324975
1242823
1188876
425701
1085940
684944
32687
-812167
520730
100691
905772
-159
-353302
707063
-530509
751884
914595
1442048
1691446
1914758
2641478
2436872
3326959
3395347
4087988
3377072
2670227
1661037
3161713
2434420
1300074
715867
1703299
2400203
1619044
2155071
2054121
3339790
2176171
1524221
1825356
1763455
2125257
1413508
1775617
1545594
2174528
946118
482779
435685
-245393
-302158
-116732
-463369
-441913
-1215444
-1192930
-427124
-442096
-400937
22229
58212
-1346253
-1803384
-2001352
-1068613
-2319080
-2641270
-1722821
-1360567
-1259592
-1614050
-2380751
-2298159
-3048796
-1778421
-2334478
-1199912
-1948558
-772857
-1344188
-1176838
-879029
-460659
350174
-439885
-89206
-291985
311824
1028017
124537
-323374
-169732
1519031
2293488
1121897
1745144
1454868
527195
930319
1462779
1496011
1175529
1029842
1412304
63608
302311
1427705
2760722
2594754
2964067
2625697
2892050
3333564
3125804
2784596
2699604
1570538
218927
575757
949846
1613375
1802090
1307368
835621
2222894
1501723
-257587
779042
660997
-1806314
-2393246
-1785352
-1809062
-1907381
-2445250
-2174280
-1877328
-1118899
-1651796
-1087844
-445193
-1086627
-1321931
-964768
-1448379
-1323570
-1532003
-1167282
-389313
-1126906
-9427
-1697402
-1256333
-1378221
-1045407
-1646076
-1288384
-706076
-1253920
-1742705
-1439392
-714670
-393310
-572259
-918316
-362621
-1203813
-578978
-757250
-694797
-550420
223480
-755907
-857439
254612
377648
1322088
1098506
1142327
672969
1136588
122679
118259
1781098
1620403
994947
716414
480885
483760
348195
1305676
479349
837058
1276089
1522656
83053
-561048
-383750
28838
-593491
-340198
-650074
-1492264
-701054
65197
-566312
266733
306933
107637
-170032
149510
-116312
-554574
-991791
-292220
-618310
-2175475
-2234726
-1870710
-1755008
-661439
-1205059
123933
750459
-661506
-1519962
-850888
-1523200
12043
927025
-816738
-116011
272326
219400
1007622
805239
1210540
1124840
-786549
-1469350
-876698
417395
1500864
97568
-1032864
259640
1049443
935068
-391748
-896815
-420544
774956
877873
1004184
214766
-589412
-1023270
-895129
-295309
-634629
-1516832
-1321025
-1520806
-1179064
-379704
148984
567957
330158
-1259477
-1945388
-1875862
-524786
-35123
140832
506903
-248347
-313499
536873
454402
1188100
576347
763057
-1876904
52271
-154158
-1951537
-1731813
-386966
1089001
-908177
-227937
-528412
577681
-475251
362248
372502
484026
-91873
-646409
-1545865
-647838
22407
107658
528730
1661140
1838655
1260964
874979
909412
952335
902210
302440
1267626
1810037
727267
-155452
10292
20885
-23091
19044
-14527
-1272398
-579910
-100931
218150
-840886
-770832
-457076
-1138383
-625851
-1364818
-1647205
-230032
-87585
-327192
-2048042
-1951316
-1539990
-571484
-517212
-476326
-348376
1259397
-1258852
-840992
-311053
-159475
-708737
275236
-134583
80143
587980
-317756
-259932
496907
1125459
810865
359584
1228466
1837967
1348622
1428482
1266444
951906
830881
374321
568014
284809
69350
514548
399922
-35770
1238814
-17774
-864097
112954
521572
1205696
1186731
435322
-206507
761956
1489535
681312
1238414
1763288
1421790
1369847
1310757
1560684
1782585
1979189
2378295
944046
-17677
1111238
748597
605129
1455417
105579
-390196
542934
463717
-1388880
-1200387
-384758
-1124836
-1295619
299621
1062014
272783
-17836
-36875
-1242492
-605520
560432
-152213
-421021
625775
1028126
882933
1589802
1839268
633090
-708131
295336
948245
-253440
-1038676
336042
-309482
-1500814
-119308
-870053
-1776829
-1482198
-1306321
-2645748
-2093280
-1918559
-1735276
-671683
-1198715
-2446779
-2315178
-1735200
-2516830
-1495243
-331451
-477631
-384400
-628870
420067
1448363
791472
494214
916843
379790
545231
306642
693550
1455248
729572
-86463
-59612
718977
220077
104162
-1432270
-1726041
-137124
-806851
-1195267
-506896
-361332
-466196
-569915
-264429
-1372674
-428750
-232925
320624
365692
-142349
-391807
-688805
-801310
-456967
-490771
937247
1190222
485766
1666808
1019978
690496
31753
299443
-307783
249609
1093814
-570781
73089
-609044
136751
156177
-536103
-243545
-297309
528216
631269
18801
-1248987
-790184
-997169
-881047
-956325
-262299
1269234
-2861
-1526818
-1437956
-1401103
-634450
-20165
-493779
-430713
62588
665170
249674
1368379
436038
-1056740
-887538
-1117829
81578
-507634
32971
240252
-599869
-837857
665125
430705
-738615
-274898
-45035
742179
835390
1695129
-181982
-148935
999491
245860
201840
-432588
-708334
-1243646
-649410
-1781533
-1051622
-455574
-1725055
-325822
195887
-303087
-666078
261163
-770589
-1491831
-677266
-1242026
-1118870
-496325
-1028925
-728136
-642268
-2063744
-1700776
-215643
88710
-687544
-257565
-72748
124992
530408
1014371
274350
-9838
596356
333496
656244
-437389
-153238
1055156
2115484
1745720
1263186
249825
-35164
626776
1591160
1889387
582370
616040
836249
436425
1146021
1263910
1652826
1699257
761348
1757300
2156698
1391703
2604249
2579475
-17074
148926
2239906
2264217
1186479
1506012
1220998
-301126
-403903
638477
1653497
1824290
1276960
861766
919496
1586437
1835305
1279351
857145
1565264
1869150
1249541
238751
620322
-382189
-201579
-832071
-695342
-534832
-1075292
-32129
-401733
-1975557
-2479482
-1022939
-344161
-559768
342426
229431
-1112760
-1431222
-1491105
-2470002
-949842
41943
148696
-158098
-512351
-1025892
-266383
645731
976958
1572020
555074
1990496
3246628
2752918
320830
705725
798546
1097945
-505261
-173701
1089395
1443538
1483404
1192086
1657308
1709182
750458
-158524
2575108
2450204
1402091
3176396
3574868
2192776
2273260
2931627
2722968
2800663
2764398
1502092
1557991
1746838
90921
207580
1517566
764525
-134169
-18619
-595888
-1611440
-1233586
-306609
-555227
-1594482
-1900423
71003
-339693
-1417135
-839059
-1735785
-2162733
-2673145
-3176762
-2686033
-3610178
-3991971
-1334339
-1660116
-2780945
-2356277
-985070
-1690234
-1717649
-2018510
-2351768
-2246037
-1182294
-2155474
-2141500
-1968566
-1675250
-2005243
-1090452
-1654720
-2373812
-2296969
-1126599
-1559700
-2462186
-943922
-607183
-772494
-502377
190740
-91013
-1229923
-607290
-1365102
915735
275825
-162905
459949
321549
875698
447305
955733
-120115
1040588
550120
-2503
71960
-251938
1060730
376331
-293211
-1353882
19706
423695
501347
-119597
661208
931877
-310504
-977950
927984
14273
449314
6464
-268223
-21500
537137
1217054
-752618
-1051848
-1945347
-2089042
-600396
-1379374
-2740852
-4377848
-2395257
-2206842
-2026011
-1252877
-1025473
-1221144
-1078505
-1354155
-753953
-550913
-1508911
-1345824
-855841
-911619
-1595556
-1186113
-1640778
-1727021
-735825
-494216
-286430
-82552
140662
-124990
-544062
-359032
-641052
-855963
-2336344
-2025038
-124647
-759313
-604027
1103410
874329
480149
914347
1026726
1467937
2574623
849193
38335
1715520
1702475
1567115
1055782
1136080
687844
481276
489110
1625925
1882064
582753
-24470
-734096
-829555
222162
1046302
-979027
23366
164657
-983434
-1548375
-1399180
-1255789
-1610117
-1743879
-1366616
-1429282
-1262022
-956195
-827452
264686
361481
-588453
229468
990489
1000472
-445730
-214030
-806767
-76713
1052374
819711
545381
-423528
-1428100
-811172
-478457
-287147
-84997
784864
-482735
508150
-594457
-606973
-29942
613721
500069
-336516
-223380
-819307
-62211
398702
542969
-156468
1331550
1196337
1683551
1681913
1414227
1393814
1288153
1578620
2410672
1633567
2138349
2068034
2045954
328930
-443525
90135
1101604
916636
2182706
2167485
1295341
774284
1645452
1805091
1297901
1486143
577005
1985682
2605469
1184270
1619656
1568640
437902
1638924
1057664
658168
1981507
1138758
507687
833480
1102588
1407833
1978276
3096132
2436666
1952591
990407
-158787
782368
637791
782761
657298
1224632
-604387
-99390
1034522
842238
526296
232752
-511464
-463748
-1183800
-1220392
235754
-172016
305766
188394
219106
383191
-139559
-398133
-1966191
-1377848
-1201886
-1840067
-1813436
-147204
-599128
-2865527
-1834196
-1031981
-636166
87382
-140099
-338133
-1384878
-401651
-1540940
-231802
-397340
-195067
-1297164
-1981898
-1651526
-923261
500880
143000
-416017
-541779
-482846
-336876
607535
-253620
-328418
-730244
-772341
-477796
165968
-712615
-2172646
-2218618
-1245896
-813776
-332448
27997
38640
597076
964623
952620
1532423
1883015
1242186
884964
1544732
2525819
1524478
300218
1144788
650932
55093
455309
462414
1196429
1849545
701811
503826
-358003
439089
91581
289754
331540
1181423
-495420
-841981
-454899
156918
575084
962986
958687
243452
32454
-81599
75610
-1984492
-2096243
-1406889
-2601116
-1937980
-2263856
-2522118
-2495450
-2180204
-2322860
-2422646
-2755119
-3512200
-2331925
-1332794
-1345131
-2636714
-2094573
-1277477
-806920
-2257790
-2113963
-1975718
-1031991
205292
-179221
-964051
-395586
-519844
-329020
-34531
742485
-450222
483942
1989760
1807066
-518069
979854
1152823
514845
-279734
-463514
874189
-34979
-131896
-330400
359071
988182
1438329
225798
-687778
998311
526760
-432078
-1244343
-704234
-1084614
-1451902
-1295935
-917515
-859569
-993954
-1511934
-1895330
-2517100
-2104381
-650049
-504705
-293112
-715313
-794465
-1100125
-2059750
-2254365
-1232606
-178371
-1326097
-1134524
-463671
866144
-1130031
-1071625
-1207986
-1895477
-2398033
-2404210
-833778
-729702
-671312
-579595
-1035067
-1346814
333108
397001
-637957
272156
957471
383529
-108294
673512
917221
984968
1509390
1899696
1230024
893852
896634
961403
895652
307218
622537
885013
386036
1186939
591257
2031476
1914915
1579958
1821764
2397464
1778002
532420
1330300
1700729
-458500
-803509
-39458
-440379
161012
388034
-594341
230057
-292114
-213801
-837873
-1328642
-1469595
515699
-403702
-800492
-1156691
-1360007
-732348
-571483
-209356
-1427792
-1025937
89068
-705050
581592
1121082
1268438
541495
-681215
466666
1873566
2107504
1589257
780680
1759951
2791740
2325346
1014035
1667296
1093319
1078163
738595
1083430
2087784
2229504
1251996
1447044
1267182
1589028
1762814
1993392
3009568
3162354
2171332
1094566
3541984
2627105
858290
2114829
2709119
1233997
727165
1063614
826834
1639134
1159292
375823
500493
1635662
1869975
1234560
1536857
-102906
-1479910
-823466
-455670
1617176
2072161
863360
296476
459829
589359
887734
389966
-1383950
-548930
1815097
1720284
245983
1801619
2857270
1609416
148106
-2369
-27384
669635
-378333
-215372
-177366
-419782
167999
376862
57096
508380
408594
598338
247398
1384103
1703861
1452322
1351058
1965128
1195989
273362
596248
276683
71854
-1411129
-1099230
-482104
-1047185
-1354211
-940204
-183422
-96592
-507506
240062
321960
-543723
192389
-264373
1049040
-251000
50394
171134
-1816993
-1462430
-43557
-945410
-1544797
-127231
-31631
-1225783
-2548181
-282884
-323485
-2003915
-541877
-813790
-1106931
-594416
-290995
122195
-886113
-526012
-1516014
-2156684
-2543396
-4130184
-1221024
-1754995
-1596436
-1314496
-579604
-1015948
-1084482
73822
-1148126
-894159
-2666168
-1685380
-1041829
-2760966
-2312044
-400617
-885436
-1533396
-150761
-651834
-886971
-1661369
-1124824
877146
736561
22699
-170892
167447
-775790
-2109356
-2911221
-2134854
-540161
32409
717545
844620
407598
531758
314614
46637
-110178
101525
561553
-295453
-918665
-417906
-1148096
-1907140
-2578343
-2040365
-1985367
-2961859
-3853584
-2416944
-2461795
-3338399
-2565819
-2415496
-2713482
-2272354
-2366296
-897199
-673485
-715150
-1188366
-62085
-168843
-1100767
-2004839
-1206325
-254977
-1254273
91772
1434319
229997
130409
284095
799621
69823
1522383
958772
-682073
-257937
388113
131382
-851846
-742361
799662
96083
392762
46943
343996
285915
574848
475711
979007
320939
591973
2196212
935954
27066
-215365
-430264
186187
2927047
1213675
70824
326368
589037
-188298
-570460
-319736
-33702
739784
-447670
-159680
422111
-744195
-2012332
-628856
97058
-1254488
-1261960
-1632987
-1719618
-1386439
-772609
-1628827
-1180564
-356482
-515685
-341066
618353
377929
-34498
600358
-1590365
-203441
687229
751130
217614
-79832
-424970
615202
397966
-695628
-311586
-16748
79484
-76638
702760
881419
1656722
489021
1398360
2282543
3081957
1286596
427875
2347302
2561636
2618910
1867982
225934
47334
1010126
375718
1172177
-33408
-193371
1014354
2164620
2346061
939221
-6341
-823992
-101119
-202791
-1058752
-757113
-1248703
-1737697
-803884
-1065162
-2554633
-2233462
-1795773
-547496
-28361
-503006
863415
1266996
1706522
1002993
-121998
-540385
-1184942
-1203840
-1063870
-1372364
-2021759
-1776301
-1892840
-1183278
-2225475
-3354037
-3239175
-2024771
-1868240
-3724483
-2758096
-1331357
22274
-1508205
-1633150
426237
822400
26928
449194
1757423
1116133
1037085
2700145
2554227
2555449
2574943
2383668
2923695
3170345
2822143
2652858
4176430
1974083
1739481
2110891
3186169
0
0
0
0
0
0
0
0
0
0
0
0
0
0
0
0
0
0
0
0
0
0
0
0
0
0
0
0
0
0
0
0
0
0
0
0
0
0
0
0
0
0
0
0
0
0
0
0
0
0
0
0
0
0
0
0
0
0
0
0
0
0
0
0
0
0
0
0
0
0
0
0
0
0
0
0
0
0
0
0
0
0
0
0
0
0
0
0
0
0
0
0
0
0
0
0
0
0
0
0
0
0
0
0
0
0
0
0
0
0
0
0
0
0
0
0
0
0
0
0
0
0
0
0
0
0
0
0
0
0
0
0
0
0
0
0
0
0
0
0
0
0
0
0
0
0
0
0
0
0
0
0
0
0
0
0
0
0
0
0
0
0
0
0
0
0
0
0
0
0
0
0
0
0
0
0
0
0
0
0
0
0
0
0
0
0
0
0
0
0
0
0
0
0
0
0
0
0
0
0
0
0
0
0
0
0
0
0
0
0
0
0
0
0
0
0
0
0
0
0
0
0
0
0
0
0
0
0
0
0
0
0
0
0
0
0
0
0
0
0
0
0
0
0
0
0
0
0
0
0
0
0
0
0
0
0
0
0
0
0
0
0
0
0
0
0
0
0
0
0
0
0
0
0
0
0
0
0
0
0
0
0
0
0
0
0
0
0
0
0
0
0
0
0
0
0
0
0
0
0
0
0
0
0
0
0
0
0
0
0
0
0
0
0
0
